# PHAT_T70_B66
# Ng, P.C., Henikoff, J.G., and Henikoff, S. (2000). Bioinformatics 16:760-766
#
#  BLOSUM Clustered Scoring Matrix in 1/3 Bit Units
#  Blocks Database = target PHDhtm clustered at 70% ( H = 0.4318)
#                    background Persson-Argos clustered at 66% ( H = 0.4311)
#  Entropy =   0.4795, Expected =  -0.3933
A  R  N  D  C  Q  E  G  H  I  L  K  M  F  P  S  T  W  Y  V  B  Z  X  *  
A  5 -5 -1 -4  1 -2 -3  2 -3  0 -1 -5  0 -1 -2  2  0 -3 -2  1 -2 -3  0 -9 
R -5  9 -2 -6 -7 -1 -5 -4 -3 -6 -5  0 -5 -6 -6 -5 -6 -6 -5 -6 -3 -3 -1 -9 
N -1 -2 10  2 -3  2  1  0  4 -3 -3 -2 -2 -2 -3  2  0 -3  0 -3  8  1 -1 -9 
D -4 -6  2 12 -6  0  7 -1 -1 -5 -5 -4 -5 -4 -4 -3 -5 -5 -3 -4  5  3 -1 -9 
C  1 -7 -3 -6  7 -5 -6 -2 -6 -3 -2 -9 -2 -1 -8  1 -2 -4 -1 -1 -4 -5 -2 -9 
Q -2 -1  2  0 -5  9  2 -1  2 -2 -2 -1  0 -2 -2 -1 -2  0  0 -3  1  6 -1 -9 
E -3 -5  1  7 -6  2 13 -2  0 -4 -4 -4 -4 -4 -4 -2 -4 -5 -2 -4  2  7 -1 -9 
G  2 -4  0 -1 -2 -1 -2  9 -3 -2 -2 -4 -1 -1 -2  2 -1 -4 -2 -2 -1 -1 -1 -9 
H -3 -3  4 -1 -6  2  0 -3 10 -4 -4 -4 -4 -2 -5 -2 -4 -2  4 -4  3  1 -1 -9 
I  0 -6 -3 -5 -3 -2 -4 -2 -4  5  2 -6  2  0 -4 -2 -1 -3 -2  3 -3 -3 -1 -9 
L -1 -5 -3 -5 -2 -2 -4 -2 -4  2  3 -6  2  0 -4 -2 -2 -3 -2  1 -3 -3 -1 -9 
K -5  0 -2 -4 -9 -1 -4 -4 -4 -6 -6  5 -5 -6 -3 -4 -5 -6 -4 -7 -2 -2 -1 -9 
M  0 -5 -2 -5 -2  0 -4 -1 -4  2  2 -5  6  0 -4 -1  0 -3 -2  1 -3 -2 -1 -9 
F -1 -6 -2 -4 -1 -2 -4 -1 -2  0  0 -6  0  6 -5 -1 -2  1  4 -1 -2 -3 -1 -9 
P -2 -6 -3 -4 -8 -2 -4 -2 -5 -4 -4 -3 -4 -5 12 -3 -3 -5 -4 -4 -3 -3 -2 -9 
S  2 -5  2 -3  1 -1 -2  2 -2 -2 -2 -4 -1 -1 -3  6  1 -4 -1 -1  0 -1  0 -9 
T  0 -6  0 -5 -2 -2 -4 -1 -4 -1 -2 -5  0 -2 -3  1  2 -6 -3 -1 -2 -3  0 -9 
W -3 -6 -3 -5 -4  0 -5 -4 -2 -3 -3 -6 -3  1 -5 -4 -6 11  1 -3 -4 -2 -2 -9 
Y -2 -5  0 -3 -1  0 -2 -2  4 -2 -2 -4 -2  4 -4 -1 -3  1 10 -3 -1 -1 -1 -9 
V  1 -6 -3 -4 -1 -3 -4 -2 -4  3  1 -7  1 -1 -4 -1 -1 -3 -3  3 -3 -3 -1 -9 
B -2 -3  8  5 -4  1  2 -1  3 -3 -3 -2 -3 -2 -3  0 -2 -4 -1 -3  7  1 -1 -9 
Z -3 -3  1  3 -5  6  7 -1  1 -3 -3 -2 -2 -3 -3 -1 -3 -2 -1 -3  1  6 -1 -9 
X  0 -1 -1 -1 -2 -1 -1 -1 -1 -1 -1 -1 -1 -1 -2  0  0 -2 -1 -1 -1 -1 -1 -4 
* -9 -9 -9 -9 -9 -9 -9 -9 -9 -9 -9 -9 -9 -9 -9 -9 -9 -9 -9 -9 -9 -9 -4  1 
