# PHAT_T70_B66
# Ng, P.C., Henikoff, J.G., and Henikoff, S. (2000). Bioinformatics 16:760-766
#
#  BLOSUM Clustered Scoring Matrix in 1/3 Bit Units
#  Blocks Database = target freq PHDhtm clustering 80% (H = 0.5550)
#                    background freq Persson-Argos clustering 78% (H = 0.5556)
#  Entropy =   0.6124, Expected =  -0.5269
   A  R  N  D  C  Q  E  G  H  I  L  K  M  F  P  S  T  W  Y  V  B  Z  X  *  
A  5 -6 -2 -5  0 -3 -5  2 -3 -1 -1 -7 -1 -2 -4  2  1 -5 -3  1 -3 -4  0 -11 
R -6 10 -3 -7 -8 -2 -6 -6 -5 -7 -6 -1 -6 -8 -8 -6 -6 -7 -6 -7 -4 -4 -1 -11 
N -2 -3 11  2 -2  2  0 -1  4 -3 -3 -2 -2 -1 -4  2  0 -4  1 -4  8  1 -1 -11 
D -5 -7  2 13 -7  1  7 -2 -1 -6 -6 -5 -5 -5 -6 -3 -5 -8 -4 -5  6  3 -1 -11 
C  0 -8 -2 -7  7 -5 -7 -2 -7 -3 -2 -11 -2 -1 -10  1 -1 -5 -2 -2 -4 -6 -2 -11 
Q -3 -2  2  1 -5 10  1 -2  2 -3 -3 -1 -1 -2 -4 -1 -3  1  0 -3  1  6 -1 -11 
E -5 -6  0  7 -7  1 12 -3 -1 -5 -6 -4 -5 -6 -5 -3 -5 -7 -3 -5  2  6 -1 -11 
G  2 -6 -1 -2 -2 -2 -3  9 -4 -2 -2 -5 -1 -2 -4  2 -1 -6 -3 -2 -1 -3 -1 -11 
H -3 -5  4 -1 -7  2 -1 -4 11 -5 -4 -6 -4 -1 -7 -2 -3 -3  3 -5  3  1 -1 -11 
I -1 -7 -3 -6 -3 -3 -5 -2 -5  5  2 -8  3 -1 -5 -2 -1 -4 -3  3 -4 -4 -1 -11 
L -1 -6 -3 -6 -2 -3 -6 -2 -4  2  4 -8  2  0 -5 -2 -1 -3 -2  1 -4 -4 -1 -11 
K -7 -1 -2 -5 -11 -1 -4 -5 -6 -8 -8  5 -6 -8 -5 -5 -6 -8 -5 -8 -3 -3 -1 -11 
M -1 -6 -2 -5 -2 -1 -5 -1 -4  3  2 -6  6  0 -6 -2  0 -4 -3  1 -3 -3 -1 -11 
F -2 -8 -1 -5 -1 -2 -6 -2 -1 -1  0 -8  0  6 -6 -2 -2  0  4 -1 -2 -4 -1 -11 
P -4 -8 -4 -6 -10 -4 -5 -4 -7 -5 -5 -5 -6 -6 12 -4 -4 -7 -6 -5 -5 -5 -2 -11 
S  2 -6  2 -3  1 -1 -3  2 -2 -2 -2 -5 -2 -2 -4  6  1 -5 -2 -2  0 -2  0 -11 
T  1 -6  0 -5 -1 -3 -5 -1 -3 -1 -1 -6  0 -2 -4  1  4 -7 -3  0 -2 -4  0 -11 
W -5 -7 -4 -8 -5  1 -7 -6 -3 -4 -3 -8 -4  0 -7 -5 -7 12  1 -5 -5 -3 -2 -11 
Y -3 -6  1 -4 -2  0 -3 -3  3 -3 -2 -5 -3  4 -6 -2 -3  1 10 -3 -1 -2 -1 -11 
V  1 -7 -4 -5 -2 -3 -5 -2 -5  3  1 -8  1 -1 -5 -2  0 -5 -3  4 -4 -4 -1 -11 
B -3 -4  8  6 -4  1  2 -1  3 -4 -4 -3 -3 -2 -5  0 -2 -5 -1 -4  8  1 -1 -11 
Z -4 -4  1  3 -6  6  6 -3  1 -4 -4 -3 -3 -4 -5 -2 -4 -3 -2 -4  1  6 -1 -11 
X  0 -1 -1 -1 -2 -1 -1 -1 -1 -1 -1 -1 -1 -1 -2  0  0 -2 -1 -1 -1 -1 -1 -4 
* -11 -11 -11 -11 -11 -11 -11 -11 -11 -11 -11 -11 -11 -11 -11 -11 -11 -11 -11 -11 -11 -11 -4  1 
