# PHAT_T70_B66
# Ng, P.C., Henikoff, J.G., and Henikoff, S. (2000). Bioinformatics 16:760-766
#
#  BLOSUM Clustered Scoring Matrix in 1/2 Bit Units
#  Blocks Database = target freq PHDhtm at 85% clustering (H = 0.5937)
#                    background freq Persson-Argos at 82% clustering(H = 0.5949)#  Entropy =   0.6899, Expected =  -0.6002
   A  R  N  D  C  Q  E  G  H  I  L  K  M  F  P  S  T  W  Y  V  B  Z  X  *  
A  3 -5 -1 -4  0 -2 -4  1 -2  0  0 -5 -1 -1 -3  1  0 -4 -3  1 -2 -3  0 -8 
R -5  6 -2 -6 -6 -1 -5 -4 -3 -5 -4 -1 -4 -5 -6 -4 -4 -5 -5 -5 -3 -3 -1 -8 
N -1 -2  8  2 -1  1 -1 -1  3 -3 -2 -2 -2 -1 -3  1  0 -3  1 -3  7  1 -1 -8 
D -4 -6  2  8 -6  0  4 -2 -1 -5 -5 -4 -4 -4 -5 -3 -4 -6 -3 -4  4  2 -1 -8 
C  0 -6 -1 -6  5 -4 -6 -2 -5 -2 -1 -8 -1 -1 -7  1  0 -3 -2 -1 -2 -5 -2 -8 
Q -2 -1  1  0 -4  7  0 -2  1 -2 -2 -1 -1 -2 -3 -1 -2  0 -1 -2  1  4 -1 -8 
E -4 -5 -1  4 -6  0  8 -3 -1 -4 -4 -3 -4 -4 -4 -2 -4 -4 -3 -4  1  4 -1 -8 
G  1 -4 -1 -2 -2 -2 -3  6 -3 -2 -2 -4 -1 -2 -3  1 -1 -4 -3 -1 -1 -2 -1 -8 
H -2 -3  3 -1 -5  1 -1 -3  8 -4 -3 -4 -3 -1 -6 -2 -2 -2  1 -4  2  0 -1 -8 
I  0 -5 -3 -5 -2 -2 -4 -2 -4  3  1 -6  2  0 -4 -2  0 -3 -2  2 -3 -3 -1 -8 
L  0 -4 -2 -5 -1 -2 -4 -2 -3  1  3 -6  2  0 -4 -2  0 -2 -2  1 -3 -3 -1 -8 
K -5 -1 -2 -4 -8 -1 -3 -4 -4 -6 -6  3 -4 -6 -3 -4 -4 -5 -4 -6 -2 -2 -1 -8 
M -1 -4 -2 -4 -1 -1 -4 -1 -3  2  2 -4  5  0 -3 -1  1 -3 -2  1 -2 -2 -1 -8 
F -1 -5 -1 -4 -1 -2 -4 -2 -1  0  0 -6  0  4 -5 -1 -1  0  2 -1 -2 -3 -1 -8 
P -3 -6 -3 -5 -7 -3 -4 -3 -6 -4 -4 -3 -3 -5  9 -3 -3 -5 -5 -4 -4 -4 -2 -8 
S  1 -4  1 -3  1 -1 -2  1 -2 -2 -2 -4 -1 -1 -3  4  1 -4 -2 -1  0 -2  0 -8 
T  0 -4  0 -4  0 -2 -4 -1 -2  0  0 -4  1 -1 -3  1  3 -5 -2  0 -1 -3  0 -8 
W -4 -5 -3 -6 -3  0 -4 -4 -2 -3 -2 -5 -3  0 -5 -4 -5  8  0 -3 -4 -2 -2 -8 
Y -3 -5  1 -3 -2 -1 -3 -3  1 -2 -2 -4 -2  2 -5 -2 -2  0  7 -2  0 -2 -1 -8 
V  1 -5 -3 -4 -1 -2 -4 -1 -4  2  1 -6  1 -1 -4 -1  0 -3 -2  3 -3 -3 -1 -8 
B -2 -3  7  4 -2  1  1 -1  2 -3 -3 -2 -2 -2 -4  0 -1 -4  0 -3  6  0 -1 -8 
Z -3 -3  1  2 -5  4  4 -2  0 -3 -3 -2 -2 -3 -4 -2 -3 -2 -2 -3  0  4 -1 -8 
X  0 -1 -1 -1 -2 -1 -1 -1 -1 -1 -1 -1 -1 -1 -2  0  0 -2 -1 -1 -1 -1 -1 -4 
* -8 -8 -8 -8 -8 -8 -8 -8 -8 -8 -8 -8 -8 -8 -8 -8 -8 -8 -8 -8 -8 -8 -4  1 
