CA 2501 21 20 28
 -2056 1235 -2053 1335 1235 -2053 2735 2835 -2056 2835
 -1541 2541 -1440 2640 -13035
CB 2502 21 20 28
 -1456 1435 -1555 1536 -1456 2256 2555 2654 2752 2749
 2647 2546 2245 -1555 2255 2554 2652 2649 2547 2246
 -1546 2246 2545 2644 2742 2739 2637 2536 2235 1435
 -1545 2245 2544 2642 2639 2537 2236 1536 -13035
CC 2503 21 21 28
 -2851 2753 2555 2356 1956 1755 1553 1451 1348 1343
 1440 1538 1736 1935 2335 2536 2738 2840 -2851 2751
 2653 2554 2355 1955 1754 1551 1448 1443 1540 1737
 1936 2336 2537 2638 2740 2840 -13135
CD 2504 21 21 28
 -1456 1435 -1555 1536 -1456 2156 2455 2653 2751 2848
 2843 2740 2638 2436 2135 1435 -1555 2155 2454 2553
 2651 2748 2743 2640 2538 2437 2136 1536 -13135
CE 2505 21 19 28
 -1456 1435 -1555 1536 -1456 2656 -1555 2655 2656 -1546
 2146 2145 -1545 2145 -1536 2636 2635 -1435 2635 -12935
CF 2506 21 18 28
 -1456 1435 -1555 1535 1435 -1456 2656 -1555 2655 2656
 -1546 2146 2145 -1545 2145 -12835
CG 2507 21 21 28
 -2851 2753 2555 2356 1956 1755 1553 1451 1348 1343
 1440 1538 1736 1935 2335 2536 2738 2840 2844 2344
 -2851 2751 2653 2554 2355 1955 1754 1653 1551 1448
 1443 1540 1638 1737 1936 2336 2537 2638 2740 2743
 2343 2344 -13135
CH 2508 21 22 28
 -1456 1435 -1456 1556 1535 1435 -2856 2756 2735 2835
 -2856 2835 -1546 2746 -1545 2745 -13235
CI 2509 21 9 28
 -1456 1435 1535 -1456 1556 1535 -11935
CJ 2510 21 17 28
 -2256 2240 2137 1936 1736 1537 1440 1340 -2256 2356
 2340 2237 2136 1935 1735 1536 1437 1340 -12735
CK 2511 21 21 28
 -1456 1435 1535 -1456 1556 1535 -2856 2756 1544 -2856
 1543 -1847 2735 2835 -1947 2835 -13135
CL 2512 21 17 28
 -1456 1435 -1456 1556 1536 -1536 2636 2635 -1435 2635
 -12735
CM 2513 21 24 28
 -1456 1435 -1551 1535 1435 -1551 2235 -1456 2238 -3056
 2238 -2951 2235 -2951 2935 3035 -3056 3035 -13435
CN 2514 21 22 28
 -1456 1435 -1553 1535 1435 -1553 2835 -1456 2738 -2756
 2738 -2756 2856 2835 -13235
CO 2515 21 22 28
 -1956 1755 1553 1451 1348 1343 1440 1538 1736 1935
 2335 2536 2738 2840 2943 2948 2851 2753 2555 2356
 1956 -2055 1754 1551 1448 1443 1540 1737 2036 2236
 2537 2740 2843 2848 2751 2554 2255 2055 -13235
CP 2516 21 20 28
 -1456 1435 -1555 1535 1435 -1456 2356 2555 2654 2752
 2749 2647 2546 2345 1545 -1555 2355 2554 2652 2649
 2547 2346 1546 -13035
CQ 2517 21 22 28
 -1956 1755 1553 1451 1348 1343 1440 1538 1736 1935
 2335 2536 2738 2840 2943 2948 2851 2753 2555 2356
 1956 -2055 1754 1551 1448 1443 1540 1737 2036 2236
 2537 2740 2843 2848 2751 2554 2255 2055 -2238 2733
 2833 -2238 2338 2833 -13235
CR 2518 21 20 28
 -1456 1435 -1555 1535 1435 -1456 2256 2555 2654 2752
 2749 2647 2546 2245 1545 -1555 2255 2554 2652 2649
 2547 2246 1546 -2045 2635 2735 -2145 2735 -13035
CS 2519 21 20 28
 -2753 2555 2256 1856 1555 1353 1351 1449 1548 1747
 2245 2444 2543 2641 2638 2537 2236 1836 1637 1538
 1338 -2753 2553 2454 2255 1855 1554 1453 1451 1549
 1748 2246 2445 2643 2741 2738 2536 2235 1835 1536
 1338 -13035
CT 2520 21 17 28
 -1855 1835 -1955 1935 1835 -1256 2556 2555 -1256 1255
 2555 -12735
CU 2521 21 22 28
 -1456 1441 1538 1736 2035 2235 2536 2738 2841 2856
 -1456 1556 1541 1638 1737 2036 2236 2537 2638 2741
 2756 2856 -13235
CV 2522 21 20 28
 -1256 2035 -1256 1356 2038 -2856 2756 2038 -2856 2035
 -13035
CW 2523 21 26 28
 -1256 1835 -1256 1356 1838 -2356 1838 -2353 1835 -2353
 2835 -2356 2838 -3456 3356 2838 -3456 2835 -13635
CX 2524 21 20 28
 -1356 2635 2735 -1356 1456 2735 -2756 2656 1335 -2756
 1435 1335 -13035
CY 2525 21 19 28
 -1256 1946 1935 2035 -1256 1356 2046 -2756 2656 1946
 -2756 2046 2035 -12935
CZ 2526 21 20 28
 -2656 1335 -2756 1435 -1356 2756 -1356 1355 2655 -1436
 2736 2735 -1335 2735 -13035
Ca 2601 21 20 28
 -2549 2535 2635 -2549 2649 2635 -2546 2348 2149 1849
 1648 1446 1343 1341 1438 1636 1835 2135 2336 2538
 -2546 2148 1848 1647 1546 1443 1441 1538 1637 1836
 2136 2538 -13035
Cb 2602 21 20 28
 -1456 1435 1535 -1456 1556 1535 -1546 1748 1949 2249
 2448 2646 2743 2741 2638 2436 2235 1935 1736 1538
 -1546 1948 2248 2447 2546 2643 2641 2538 2437 2236
 1936 1538 -13035
Cc 2603 21 18 28
 -2546 2348 2149 1849 1648 1446 1343 1341 1438 1636
 1835 2135 2336 2538 -2546 2445 2347 2148 1848 1647
 1546 1443 1441 1538 1637 1836 2136 2337 2439 2538
 -12835
Cd 2604 21 20 28
 -2556 2535 2635 -2556 2656 2635 -2546 2348 2149 1849
 1648 1446 1343 1341 1438 1636 1835 2135 2336 2538
 -2546 2148 1848 1647 1546 1443 1441 1538 1637 1836
 2136 2538 -13035
Ce 2605 21 18 28
 -1442 2542 2545 2447 2348 2149 1849 1648 1446 1343
 1341 1438 1636 1835 2135 2336 2538 -1443 2443 2445
 2347 2148 1848 1647 1546 1443 1441 1538 1637 1836
 2136 2337 2439 2538 -12835
Cf 2606 21 14 28
 -2156 1956 1755 1652 1635 1735 -2156 2155 1955 1754
 -1855 1752 1735 -1349 2049 2048 -1349 1348 2048 -12435
Cg 2607 21 20 28
 -2649 2549 2534 2431 2330 2129 1929 1730 1631 1431
 -2649 2634 2531 2329 2128 1828 1629 1431 -2546 2348
 2149 1849 1648 1446 1343 1341 1438 1636 1835 2135
 2336 2538 -2546 2148 1848 1647 1546 1443 1441 1538
 1637 1836 2136 2538 -13035
Ch 2608 21 20 28
 -1456 1435 1535 -1456 1556 1535 -1545 1848 2049 2349
 2548 2645 2635 -1545 1847 2048 2248 2447 2545 2535
 2635 -13035
Ci 2609 21 9 28
 -1456 1355 1354 1453 1553 1654 1655 1556 1456 -1455
 1454 1554 1555 1455 -1449 1435 1535 -1449 1549 1535
 -11935
Cj 2610 21 9 28
 -1456 1355 1354 1453 1553 1654 1655 1556 1456 -1455
 1454 1554 1555 1455 -1449 1428 1528 -1449 1549 1528
 -11935
Ck 2611 21 19 28
 -1456 1435 1535 -1456 1556 1535 -2649 2549 1539 -2649
 1538 -1842 2435 2635 -1943 2635 -12935
Cl 2612 21 9 28
 -1456 1435 1535 -1456 1556 1535 -11935
Cm 2613 21 31 28
 -1449 1435 1535 -1449 1549 1535 -1545 1848 2049 2349
 2548 2645 2635 -1545 1847 2048 2248 2447 2545 2535
 2635 -2645 2948 3149 3449 3648 3745 3735 -2645 2947
 3148 3348 3547 3645 3635 3735 -14135
Cn 2614 21 20 28
 -1449 1435 1535 -1449 1549 1535 -1545 1848 2049 2349
 2548 2645 2635 -1545 1847 2048 2248 2447 2545 2535
 2635 -13035
Co 2615 21 19 28
 -1849 1648 1446 1343 1341 1438 1636 1835 2135 2336
 2538 2641 2643 2546 2348 2149 1849 -1848 1647 1546
 1443 1441 1538 1637 1836 2136 2337 2438 2541 2543
 2446 2347 2148 1848 -12935
Cp 2616 21 20 28
 -1449 1428 1528 -1449 1549 1528 -1546 1748 1949 2249
 2448 2646 2743 2741 2638 2436 2235 1935 1736 1538
 -1546 1948 2248 2447 2546 2643 2641 2538 2437 2236
 1936 1538 -13035
Cq 2617 21 20 28
 -2549 2528 2628 -2549 2649 2628 -2546 2348 2149 1849
 1648 1446 1343 1341 1438 1636 1835 2135 2336 2538
 -2546 2148 1848 1647 1546 1443 1441 1538 1637 1836
 2136 2538 -13035
Cr 2618 21 14 28
 -1449 1435 1535 -1449 1549 1535 -1543 1646 1848 2049
 2349 -1543 1645 1847 2048 2348 2349 -12435
Cs 2619 21 17 28
 -2446 2348 2049 1749 1448 1346 1444 1643 2141 2340
 -2241 2339 2338 2236 -2337 2036 1736 1437 -1536 1438
 1338 -2446 2346 2248 -2347 2048 1748 1447 -1548 1446
 1544 -1445 1644 2142 2341 2439 2438 2336 2035 1735
 1436 1338 -12735
Ct 2620 21 11 28
 -1556 1535 1635 -1556 1656 1635 -1249 1949 1948 -1249
 1248 1948 -12135
Cu 2621 21 20 28
 -1449 1439 1536 1735 2035 2236 2539 -1449 1549 1539
 1637 1836 2036 2237 2539 -2549 2535 2635 -2549 2649
 2635 -13035
Cv 2622 21 16 28
 -1249 1835 -1249 1349 1837 -2449 2349 1837 -2449 1835
 -12635
Cw 2623 21 24 28
 -1349 1835 -1349 1449 1838 -2249 1838 -2246 1835 -2246
 2635 -2249 2638 -3149 3049 2638 -3149 2635 -13435
Cx 2624 21 18 28
 -1349 2435 2535 -1349 1449 2535 -2549 2449 1335 -2549
 1435 1335 -12835
Cy 2625 21 16 28
 -1249 1835 -1249 1349 1837 -2449 2349 1837 1428 -2449
 1835 1528 1428 -12635
Cz 2626 21 18 28
 -2348 1335 -2549 1536 -1349 2549 -1349 1348 2348 -1536
 2536 2535 -1335 2535 -12835
C0 2700 21 20 28
 -1956 1655 1452 1347 1344 1439 1636 1935 2135 2436
 2639 2744 2747 2652 2455 2156 1956 -1755 1552 1447
 1444 1539 1736 -1637 1936 2136 2437 -2336 2539 2644
 2647 2552 2355 -2454 2155 1955 1654 -13035
C1 2701 21 20 28
 -1652 1853 2156 2135 -1652 1651 1852 2054 2035 2135
 -13035
C2 2702 21 20 28
 -1451 1452 1554 1655 1856 2256 2455 2554 2652 2650
 2548 2345 1435 -1451 1551 1552 1654 1855 2255 2454
 2552 2550 2448 2245 1335 -1436 2736 2735 -1335 2735
 -13035
C3 2703 21 20 28
 -1556 2656 1947 -1556 1555 2555 -2556 1847 -1948 2148
 2447 2645 2742 2741 2638 2436 2135 1835 1536 1437
 1339 1439 -1847 2147 2446 2643 -2247 2545 2642 2641
 2538 2236 -2640 2437 2136 1836 1537 1439 -1736 1438
 -13035
C4 2704 21 20 28
 -2353 2335 2435 -2456 2435 -2456 1340 2840 -2353 1440
 -1441 2841 2840 -13035
C5 2705 21 20 28
 -1556 1447 -1655 1548 -1556 2556 2555 -1655 2555 -1548
 1849 2149 2448 2646 2743 2741 2638 2436 2135 1835
 1536 1437 1339 1439 -1447 1547 1748 2148 2447 2644
 -2248 2546 2643 2641 2538 2236 -2640 2437 2136 1836
 1537 1439 -1736 1438 -13035
C6 2706 21 20 28
 -2455 2553 2653 2555 2256 2056 1755 1552 1447 1442
 1538 1736 2035 2135 2436 2638 2741 2742 2645 2447
 2148 2048 1747 1545 -2554 2255 2055 1754 -1855 1652
 1547 1542 1638 1936 -1540 1737 2036 2136 2437 2640
 -2236 2538 2641 2642 2545 2247 -2643 2446 2147 2047
 1746 1543 -1947 1645 1542 -13035
C7 2707 21 20 28
 -1356 2756 1735 -1356 1355 2655 -2656 1635 1735 -13035
C8 2708 21 20 28
 -1856 1555 1453 1451 1549 1648 1847 2246 2445 2544
 2642 2639 2537 2236 1836 1537 1439 1442 1544 1645
 1846 2247 2448 2549 2651 2653 2555 2256 1856 -1655
 1553 1551 1649 1848 2247 2446 2644 2742 2739 2637
 2536 2235 1835 1536 1437 1339 1342 1444 1646 1847
 2248 2449 2551 2553 2455 -2554 2255 1855 1554 -1438
 1736 -2336 2638 -13035
C9 2709 21 20 28
 -2546 2344 2043 1943 1644 1446 1349 1350 1453 1655
 1956 2056 2355 2553 2649 2644 2539 2336 2035 1835
 1536 1438 1538 1636 -2549 2446 2144 -2548 2345 2044
 1944 1645 1448 -1844 1546 1449 1450 1553 1855 -1451
 1654 1955 2055 2354 2551 -2155 2453 2549 2544 2439
 2236 -2337 2036 1836 1537 -13035
C. 2710 21 11 28
 -1538 1437 1436 1535 1635 1736 1737 1638 1538 -1537
 1536 1636 1637 1537 -12135
C, 2711 21 11 28
 -1736 1635 1535 1436 1437 1538 1638 1737 1734 1632
 1431 -1537 1536 1636 1637 1537 -1635 1734 -1736 1632
 -12135
C: 2712 21 11 28
 -1549 1448 1447 1546 1646 1747 1748 1649 1549 -1548
 1547 1647 1648 1548 -1538 1437 1436 1535 1635 1736
 1737 1638 1538 -1537 1536 1636 1637 1537 -12135
C; 2713 21 11 28
 -1549 1448 1447 1546 1646 1747 1748 1649 1549 -1548
 1547 1647 1648 1548 -1736 1635 1535 1436 1437 1538
 1638 1737 1734 1632 1431 -1537 1536 1636 1637 1537
 -1635 1734 -1736 1632 -12135
C! 2714 21 11 28
 -1556 1542 1642 -1556 1656 1642 -1538 1437 1436 1535
 1635 1736 1737 1638 1538 -1537 1536 1636 1637 1537
 -12135
C? 2715 21 19 28
 -1351 1352 1454 1555 1856 2156 2455 2554 2652 2650
 2548 2447 2246 1945 -1351 1451 1452 1554 1855 2155
 2454 2552 2550 2448 2247 1946 -1453 1755 -2255 2553
 -2549 2146 -1946 1942 2042 2046 -1938 1837 1836 1935
 2035 2136 2137 2038 1938 -1937 1936 2036 2037 1937
 -12935
C/ 2720 21 23 28
 -3060 1228 1328 -3060 3160 1328 -13335
C( 2721 21 14 28
 -2060 1858 1655 1451 1346 1342 1437 1633 1830 2028
 2128 -2060 2160 1958 1755 1551 1446 1442 1537 1733
 1930 2128 -12435
C) 2722 21 14 28
 -1360 1558 1755 1951 2046 2042 1937 1733 1530 1328
 1428 -1360 1460 1658 1855 2051 2146 2142 2037 1833
 1630 1428 -12435
C* 2723 21 16 28
 -1856 1755 1945 1844 -1856 1844 -1856 1955 1745 1844
 -1353 1453 2247 2347 -1353 2347 -1353 1352 2348 2347
 -2353 2253 1447 1347 -2353 1347 -2353 2352 1348 1347
 -12635
C- 2724 21 25 28
 -1445 3145 3144 -1445 1444 3144 -13535
C  2699 21 16 28
 -12635

