CA 3001 21 20 28
 -2056 1336 -1953 2535 -2053 2635 -2056 2735 -1541 2441
 -1135 1735 -2235 2935 -1336 1235 -1336 1535 -2536 2335
 -2537 2435 -2637 2835 -13035
CB 3002 21 22 28
 -1556 1535 -1655 1636 -1756 1735 -1256 2456 2755 2854
 2952 2950 2848 2747 2446 -2754 2852 2850 2748 -2456
 2655 2753 2749 2647 2446 -1746 2446 2745 2844 2942
 2939 2837 2736 2435 1235 -2744 2842 2839 2737 -2446
 2645 2743 2738 2636 2435 -1356 1555 -1456 1554 -1856
 1754 -1956 1755 -1536 1335 -1537 1435 -1737 1835 -1736
 1935 -13235
CC 3003 21 21 28
 -2753 2856 2850 2753 2555 2356 2056 1755 1553 1451
 1348 1343 1440 1538 1736 2035 2335 2536 2738 2840
 -1653 1551 1448 1443 1540 1638 -2056 1855 1652 1548
 1543 1639 1836 2035 -13135
CD 3004 21 22 28
 -1556 1535 -1655 1636 -1756 1735 -1256 2256 2555 2753
 2851 2948 2943 2840 2738 2536 2235 1235 -2653 2751
 2848 2843 2740 2638 -2256 2455 2652 2748 2743 2639
 2436 2235 -1356 1555 -1456 1554 -1856 1754 -1956 1755
 -1536 1335 -1537 1435 -1737 1835 -1736 1935 -13235
CE 3005 21 21 28
 -1556 1535 -1655 1636 -1756 1735 -1256 2856 2850 -1746
 2346 -2350 2342 -1235 2835 2841 -1356 1555 -1456 1554
 -1856 1754 -1956 1755 -2356 2855 -2556 2854 -2656 2853
 -2756 2850 -2350 2246 2342 -2348 2146 2344 -2347 1946
 2345 -1536 1335 -1537 1435 -1737 1835 -1736 1935 -2335
 2836 -2535 2837 -2635 2838 -2735 2841 -13135
CF 3006 21 20 28
 -1556 1535 -1655 1636 -1756 1735 -1256 2856 2850 -1746
 2346 -2350 2342 -1235 2035 -1356 1555 -1456 1554 -1856
 1754 -1956 1755 -2356 2855 -2556 2854 -2656 2853 -2756
 2850 -2350 2246 2342 -2348 2146 2344 -2347 1946 2345
 -1536 1335 -1537 1435 -1737 1835 -1736 1935 -13035
CG 3007 21 23 28
 -2753 2856 2850 2753 2555 2356 2056 1755 1553 1451
 1348 1343 1440 1538 1736 2035 2335 2536 2736 2835
 2843 -1653 1551 1448 1443 1540 1638 -2056 1855 1652
 1548 1543 1639 1836 2035 -2742 2737 -2643 2637 2536
 -2343 3143 -2443 2642 -2543 2641 -2943 2841 -3043 2842
 -13335
CH 3008 21 24 28
 -1556 1535 -1655 1636 -1756 1735 -2756 2735 -2855 2836
 -2956 2935 -1256 2056 -2456 3256 -1746 2746 -1235 2035
 -2435 3235 -1356 1555 -1456 1554 -1856 1754 -1956 1755
 -2556 2755 -2656 2754 -3056 2954 -3156 2955 -1536 1335
 -1537 1435 -1737 1835 -1736 1935 -2736 2535 -2737 2635
 -2937 3035 -2936 3135 -13435
CI 3009 21 12 28
 -1556 1535 -1655 1636 -1756 1735 -1256 2056 -1235 2035
 -1356 1555 -1456 1554 -1856 1754 -1956 1755 -1536 1335
 -1537 1435 -1737 1835 -1736 1935 -12235
CJ 3010 21 16 28
 -1956 1939 1836 1735 -2055 2039 1936 -2156 2139 2036
 1735 1535 1336 1238 1240 1341 1441 1540 1539 1438
 1338 -1340 1339 1439 1440 1340 -1656 2456 -1756 1955
 -1856 1954 -2256 2154 -2356 2155 -12635
CK 3011 21 22 28
 -1556 1535 -1655 1636 -1756 1735 -2855 1744 -2046 2735
 -2146 2835 -2148 2935 -1256 2056 -2556 3156 -1235 2035
 -2435 3135 -1356 1555 -1456 1554 -1856 1754 -1956 1755
 -2756 2855 -3056 2855 -1536 1335 -1537 1435 -1737 1835
 -1736 1935 -2737 2535 -2737 3035 -13235
CL 3012 21 18 28
 -1556 1535 -1655 1636 -1756 1735 -1256 2056 -1235 2735
 2741 -1356 1555 -1456 1554 -1856 1754 -1956 1755 -1536
 1335 -1537 1435 -1737 1835 -1736 1935 -2235 2736 -2435
 2737 -2535 2738 -2635 2741 -12835
CM 3013 21 26 28
 -1556 1536 -1556 2235 -1656 2238 -1756 2338 -2956 2235
 -2956 2935 -3055 3036 -3156 3135 -1256 1756 -2956 3456
 -1235 1835 -2635 3435 -1356 1555 -3256 3154 -3356 3155
 -1536 1335 -1536 1735 -2936 2735 -2937 2835 -3137 3235
 -3136 3335 -13635
CN 3014 21 24 28
 -1556 1536 -1556 2935 -1656 2838 -1756 2938 -2955 2935
 -1256 1756 -2656 3256 -1235 1835 -1356 1555 -2756 2955
 -3156 2955 -1536 1335 -1536 1735 -13435
CO 3015 21 22 28
 -2056 1755 1553 1451 1347 1344 1440 1538 1736 2035
 2235 2536 2738 2840 2944 2947 2851 2753 2555 2256
 2056 -1653 1551 1448 1443 1540 1638 -2638 2740 2843
 2848 2751 2653 -2056 1855 1652 1548 1543 1639 1836
 2035 -2235 2436 2639 2743 2748 2652 2455 2256 -13235
CP 3016 21 22 28
 -1556 1535 -1655 1636 -1756 1735 -1256 2456 2755 2854
 2952 2949 2847 2746 2445 1745 -2754 2852 2849 2747
 -2456 2655 2753 2748 2646 2445 -1235 2035 -1356 1555
 -1456 1554 -1856 1754 -1956 1755 -1536 1335 -1537 1435
 -1737 1835 -1736 1935 -13235
CQ 3017 21 22 28
 -2056 1755 1553 1451 1347 1344 1440 1538 1736 2035
 2235 2536 2738 2840 2944 2947 2851 2753 2555 2256
 2056 -1653 1551 1448 1443 1540 1638 -2638 2740 2843
 2848 2751 2653 -2056 1855 1652 1548 1543 1639 1836
 2035 -2235 2436 2639 2743 2748 2652 2455 2256 -1738
 1840 2041 2141 2340 2438 2532 2630 2830 2932 2934
 -2534 2632 2731 2831 -2438 2633 2732 2832 2933 -13235
CR 3018 21 22 28
 -1556 1535 -1655 1636 -1756 1735 -1256 2456 2755 2854
 2952 2950 2848 2747 2446 1746 -2754 2852 2850 2748
 -2456 2655 2753 2749 2647 2446 -2146 2345 2443 2637
 2735 2935 3037 3039 -2639 2737 2836 2936 -2345 2444
 2738 2837 2937 3038 -1235 2035 -1356 1555 -1456 1554
 -1856 1754 -1956 1755 -1536 1335 -1537 1435 -1737 1835
 -1736 1935 -13235
CS 3019 21 20 28
 -2653 2756 2750 2653 2455 2156 1856 1555 1353 1350
 1448 1746 2344 2543 2641 2638 2536 -1450 1548 1747
 2345 2544 2642 -1555 1453 1451 1549 1748 2346 2644
 2742 2739 2637 2536 2235 1935 1636 1438 1341 1335
 1438 -13035
CT 3020 21 20 28
 -1256 1250 -1956 1935 -2055 2036 -2156 2135 -2856 2850
 -1256 2856 -1635 2435 -1356 1250 -1456 1253 -1556 1254
 -1756 1255 -2356 2855 -2556 2854 -2656 2853 -2756 2850
 -1936 1735 -1937 1835 -2137 2235 -2136 2335 -13035
CU 3021 21 24 28
 -1556 1541 1638 1836 2135 2335 2636 2838 2941 2955
 -1655 1640 1738 -1756 1740 1837 1936 2135 -1256 2056
 -2656 3256 -1356 1555 -1456 1554 -1856 1754 -1956 1755
 -2756 2955 -3156 2955 -13435
CV 3022 21 20 28
 -1356 2035 -1456 2038 2035 -1556 2138 -2755 2035 -1156
 1856 -2356 2956 -1256 1454 -1656 1554 -1756 1555 -2556
 2755 -2856 2755 -13035
CW 3023 21 24 28
 -1456 1835 -1556 1840 1835 -1656 1940 -2256 1940 1835
 -2256 2635 -2356 2640 2635 -2456 2740 -3055 2740 2635
 -1156 1956 -2256 2456 -2756 3356 -1256 1555 -1356 1554
 -1756 1654 -1856 1655 -2856 3055 -3256 3055 -13435
CX 3024 21 20 28
 -1356 2535 -1456 2635 -1556 2735 -2655 1436 -1156 1856
 -2356 2956 -1135 1735 -2235 2935 -1256 1554 -1656 1554
 -1756 1555 -2456 2655 -2856 2655 -1436 1235 -1436 1635
 -2536 2335 -2537 2435 -2537 2835 -13035
CY 3025 21 22 28
 -1356 2045 2035 -1456 2145 2136 -1556 2245 2235 -2855
 2245 -1156 1856 -2556 3156 -1735 2535 -1256 1455 -1756
 1555 -2656 2855 -3056 2855 -2036 1835 -2037 1935 -2237
 2335 -2236 2435 -13235
CZ 3026 21 20 28
 -2756 1356 1350 -2556 1335 -2656 1435 -2756 1535 -1335
 2735 2741 -1456 1350 -1556 1353 -1656 1354 -1856 1355
 -2235 2736 -2435 2737 -2535 2738 -2635 2741 -13035
Ca 3101 21 20 28
 -1546 1547 1647 1645 1445 1447 1548 1749 2149 2348
 2447 2545 2538 2636 2735 -2347 2445 2438 2536 -2149
 2248 2346 2338 2436 2735 2835 -2344 2243 1742 1441
 1339 1338 1436 1735 2035 2236 2338 -1541 1439 1438
 1536 -2243 1842 1641 1539 1538 1636 1735 -13035
Cb 3102 21 21 28
 -1556 1535 1636 1836 -1655 1637 -1256 1756 1736 -1746
 1848 2049 2249 2548 2746 2843 2841 2738 2536 2235
 2035 1836 1738 -2646 2744 2740 2638 -2249 2448 2547
 2644 2640 2537 2436 2235 -1356 1555 -1456 1554 -13135
Cc 3103 21 19 28
 -2545 2546 2446 2444 2644 2646 2448 2249 1949 1648
 1446 1343 1341 1438 1636 1935 2135 2436 2638 -1546
 1444 1440 1538 -1949 1748 1647 1544 1540 1637 1736
 1935 -12935
Cd 3104 21 21 28
 -2456 2435 2935 -2555 2536 -2156 2656 2635 -2446 2348
 2149 1949 1648 1446 1343 1341 1438 1636 1935 2135
 2336 2438 -1546 1444 1440 1538 -1949 1748 1647 1544
 1540 1637 1736 1935 -2256 2455 -2356 2454 -2637 2735
 -2636 2835 -13135
Ce 3105 21 19 28
 -1543 2643 2645 2547 2448 2149 1949 1648 1446 1343
 1341 1438 1636 1935 2135 2436 2638 -2544 2545 2447
 -1546 1444 1440 1538 -2443 2446 2348 2149 -1949 1748
 1647 1544 1540 1637 1736 1935 -12935
Cf 3106 21 14 28
 -2254 2255 2155 2153 2353 2355 2256 1956 1755 1654
 1551 1535 -1754 1651 1636 -1956 1855 1753 1735 -1249
 2149 -1235 2035 -1536 1335 -1537 1435 -1737 1835 -1736
 1935 -12435
Cg 3107 21 19 28
 -2548 2647 2748 2649 2549 2348 2247 -1849 1648 1547
 1445 1443 1541 1640 1839 2039 2240 2341 2443 2445
 2347 2248 2049 1849 -1647 1545 1543 1641 -2241 2343
 2345 2247 -1849 1748 1646 1642 1740 1839 -2039 2140
 2242 2246 2148 2049 -1541 1440 1338 1337 1435 1534
 1833 2233 2532 2631 -1535 1834 2234 2533 -1337 1436
 1735 2235 2534 2632 2631 2529 2228 1628 1329 1231
 1232 1334 1635 -1628 1429 1331 1332 1434 1635 -12935
Ch 3108 21 23 28
 -1556 1535 -1655 1636 -1256 1756 1735 -1745 1847 1948
 2149 2449 2648 2747 2844 2835 -2647 2744 2736 -2449
 2548 2645 2635 -1235 2035 -2335 3135 -1356 1555 -1456
 1554 -1536 1335 -1537 1435 -1737 1835 -1736 1935 -2636
 2435 -2637 2535 -2837 2935 -2836 3035 -13335
Ci 3109 21 12 28
 -1556 1554 1754 1756 1556 -1656 1654 -1555 1755 -1549
 1535 -1648 1636 -1249 1749 1735 -1235 2035 -1349 1548
 -1449 1547 -1536 1335 -1537 1435 -1737 1835 -1736 1935
 -12235
Cj 3110 21 13 28
 -1756 1754 1954 1956 1756 -1856 1854 -1755 1955 -1749
 1732 1629 1528 -1848 1833 1730 -1449 1949 1933 1830
 1729 1528 1228 1129 1131 1331 1329 1229 1230 -1549
 1748 -1649 1747 -12335
Ck 3111 21 22 28
 -1556 1535 -1655 1636 -1256 1756 1735 -2648 1739 -2143
 2835 -2142 2735 -2042 2635 -2349 3049 -1235 2035 -2335
 3035 -1356 1555 -1456 1554 -2449 2648 -2949 2648 -1536
 1335 -1537 1435 -1737 1835 -1736 1935 -2637 2435 -2537
 2935 -13235
Cl 3112 21 12 28
 -1556 1535 -1655 1636 -1256 1756 1735 -1235 2035 -1356
 1555 -1456 1554 -1536 1335 -1537 1435 -1737 1835 -1736
 1935 -12235
Cm 3113 21 34 28
 -1549 1535 -1648 1636 -1249 1749 1735 -1745 1847 1948
 2149 2449 2648 2747 2844 2835 -2647 2744 2736 -2449
 2548 2645 2635 -2845 2947 3048 3249 3549 3748 3847
 3944 3935 -3747 3844 3836 -3549 3648 3745 3735 -1235
 2035 -2335 3135 -3435 4235 -1349 1548 -1449 1547 -1536
 1335 -1537 1435 -1737 1835 -1736 1935 -2636 2435 -2637
 2535 -2837 2935 -2836 3035 -3736 3535 -3737 3635 -3937
 4035 -3936 4135 -14435
Cn 3114 21 23 28
 -1549 1535 -1648 1636 -1249 1749 1735 -1745 1847 1948
 2149 2449 2648 2747 2844 2835 -2647 2744 2736 -2449
 2548 2645 2635 -1235 2035 -2335 3135 -1349 1548 -1449
 1547 -1536 1335 -1537 1435 -1737 1835 -1736 1935 -2636
 2435 -2637 2535 -2837 2935 -2836 3035 -13335
Co 3115 21 20 28
 -1949 1648 1446 1343 1341 1438 1636 1935 2135 2436
 2638 2741 2743 2646 2448 2149 1949 -1546 1444 1440
 1538 -2538 2640 2644 2546 -1949 1748 1647 1544 1540
 1637 1736 1935 -2135 2336 2437 2540 2544 2447 2348
 2149 -13035
Cp 3116 21 21 28
 -1549 1528 -1648 1629 -1249 1749 1728 -1746 1848 2049
 2249 2548 2746 2843 2841 2738 2536 2235 2035 1836
 1738 -2646 2744 2740 2638 -2249 2448 2547 2644 2640
 2537 2436 2235 -1228 2028 -1349 1548 -1449 1547 -1529
 1328 -1530 1428 -1730 1828 -1729 1928 -13135
Cq 3117 21 20 28
 -2448 2428 -2547 2529 -2348 2548 2649 2628 -2446 2348
 2149 1949 1648 1446 1343 1341 1438 1636 1935 2135
 2336 2438 -1546 1444 1440 1538 -1949 1748 1647 1544
 1540 1637 1736 1935 -2128 2928 -2429 2228 -2430 2328
 -2630 2728 -2629 2828 -13035
Cr 3118 21 17 28
 -1549 1535 -1648 1636 -1249 1749 1735 -2447 2448 2348
 2346 2546 2548 2449 2249 2048 1846 1743 -1235 2035
 -1349 1548 -1449 1547 -1536 1335 -1537 1435 -1737 1835
 -1736 1935 -12735
Cs 3119 21 17 28
 -2347 2449 2445 2347 2248 2049 1649 1448 1347 1345
 1443 1642 2141 2340 2437 -1448 1345 -1444 1643 2142
 2341 -2440 2336 -1347 1445 1644 2143 2342 2440 2437
 2336 2135 1735 1536 1437 1339 1335 1437 -12735
Ct 3120 21 15 28
 -1554 1540 1637 1736 1935 2135 2336 2438 -1654 1639
 1737 -1554 1756 1739 1836 1935 -1249 2149 -12535
Cu 3121 21 23 28
 -1549 1540 1637 1736 1935 2235 2436 2537 2639 -1648
 1639 1737 -1249 1749 1739 1836 1935 -2649 2635 3135
 -2748 2736 -2349 2849 2835 -1349 1548 -1449 1547 -2837
 2935 -2836 3035 -13335
Cv 3122 21 18 28
 -1349 1935 -1449 1937 -1549 2037 -2548 2037 1935 -1149
 1849 -2149 2749 -1249 1547 -1749 1548 -2349 2548 -2649
 2548 -12835
Cw 3123 21 24 28
 -1449 1835 -1549 1838 -1649 1938 -2249 1938 1835 -2249
 2635 -2349 2638 -2249 2449 2738 -3048 2738 2635 -1149
 1949 -2749 3349 -1249 1548 -1849 1648 -2849 3048 -3249
 3048 -13435
Cx 3124 21 20 28
 -1449 2435 -1549 2535 -1649 2635 -2548 1536 -1249 1949
 -2249 2849 -1235 1835 -2135 2835 -1349 1548 -1849 1648
 -2349 2548 -2749 2548 -1536 1335 -1536 1735 -2436 2235
 -2536 2735 -13035
Cy 3125 21 19 28
 -1449 2035 -1549 2037 -1649 2137 -2648 2137 1831 1629
 1428 1228 1129 1131 1331 1329 1229 1230 -1249 1949
 -2249 2849 -1349 1647 -1849 1648 -2449 2648 -2749 2648
 -12935
Cz 3126 21 18 28
 -2349 1335 -2449 1435 -2549 1535 -2549 1349 1345 -1335
 2535 2539 -1449 1345 -1549 1346 -1649 1347 -1849 1348
 -2035 2536 -2235 2537 -2335 2538 -2435 2539 -12835
C0 3200 21 20 28
 -1956 1655 1452 1347 1344 1439 1636 1935 2135 2436
 2639 2744 2747 2652 2455 2156 1956 -1654 1552 1448
 1443 1539 1637 -2437 2539 2643 2648 2552 2454 -1956
 1755 1653 1548 1543 1638 1736 1935 -2135 2336 2438
 2543 2548 2453 2355 2156 -13035
C1 3201 21 20 28
 -1954 1935 -2054 2036 -2156 2135 -2156 1853 1652 -1535
 2535 -1936 1735 -1937 1835 -2137 2235 -2136 2335 -13035
C2 3202 21 20 28
 -1452 1451 1551 1552 1452 -1453 1553 1652 1651 1550
 1450 1351 1352 1454 1555 1856 2256 2555 2654 2752
 2750 2648 2346 1844 1643 1441 1338 1335 -2554 2652
 2650 2548 -2256 2455 2552 2550 2448 2246 1844 -1337
 1438 1638 2137 2537 2738 -1638 2136 2536 2637 -1638
 2135 2535 2636 2738 2740 -13035
C3 3203 21 20 28
 -1452 1451 1551 1552 1452 -1453 1553 1652 1651 1550
 1450 1351 1352 1454 1555 1856 2256 2555 2653 2650
 2548 2247 -2455 2553 2550 2448 -2156 2355 2453 2450
 2348 2147 -1947 2247 2446 2644 2742 2739 2637 2536
 2235 1835 1536 1437 1339 1340 1441 1541 1640 1639
 1538 1438 -2544 2642 2639 2537 -2147 2346 2445 2542
 2539 2436 2235 -1440 1439 1539 1540 1440 -13035
C4 3204 21 20 28
 -2153 2135 -2254 2236 -2356 2335 -2356 1241 2841 -1835
 2635 -2136 1935 -2137 2035 -2337 2435 -2336 2535 -13035
C5 3205 21 20 28
 -1556 1346 1548 1849 2149 2448 2646 2743 2741 2638
 2436 2135 1835 1536 1437 1339 1340 1441 1541 1640
 1639 1538 1438 -2546 2644 2640 2538 -2149 2348 2447
 2544 2540 2437 2336 2135 -1440 1439 1539 1540 1440
 -1556 2556 -1555 2355 -1554 1954 2355 2556 -13035
C6 3206 21 20 28
 -2453 2452 2552 2553 2453 -2554 2454 2353 2352 2451
 2551 2652 2653 2555 2356 2056 1755 1553 1451 1347
 1341 1438 1636 1935 2135 2436 2638 2741 2742 2645
 2447 2148 1948 1747 1646 1544 -1653 1551 1447 1441
 1538 1637 -2538 2640 2643 2545 -2056 1855 1754 1652
 1548 1541 1638 1736 1935 -2135 2336 2437 2540 2543
 2446 2347 2148 -13035
C7 3207 21 20 28
 -1356 1350 -2756 2753 2650 2245 2143 2039 2035 -2144
 2042 1939 1935 -2650 2145 1942 1839 1835 2035 -1352
 1454 1656 1856 2353 2553 2654 2756 -1554 1655 1855
 2054 -1352 1453 1654 1854 2353 -13035
C8 3208 21 20 28
 -1856 1555 1453 1450 1548 1847 2247 2548 2650 2653
 2555 2256 1856 -1655 1553 1550 1648 -2448 2550 2553
 2455 -1856 1755 1653 1650 1748 1847 -2247 2348 2450
 2453 2355 2256 -1847 1546 1445 1343 1339 1437 1536
 1835 2235 2536 2637 2739 2743 2645 2546 2247 -1545
 1443 1439 1537 -2537 2639 2643 2545 -1847 1646 1543
 1539 1636 1835 -2235 2436 2539 2543 2446 2247 -13035
C9 3209 21 20 28
 -1539 1538 1638 1639 1539 -2547 2445 2344 2143 1943
 1644 1446 1349 1350 1453 1655 1956 2156 2455 2653
 2750 2744 2640 2538 2336 2035 1735 1536 1438 1439
 1540 1640 1739 1738 1637 1537 -1546 1448 1451 1553
 -2454 2553 2650 2644 2540 2438 -1943 1744 1645 1548
 1551 1654 1755 1956 -2156 2355 2453 2550 2543 2439
 2337 2236 2035 -13035
C. 3210 21 11 28
 -1538 1437 1436 1535 1635 1736 1737 1638 1538 -1537
 1536 1636 1637 1537 -12135
C, 3211 21 11 28
 -1736 1635 1535 1436 1437 1538 1638 1737 1734 1632
 1431 -1537 1536 1636 1637 1537 -1635 1734 -1736 1632
 -12135
C: 3212 21 11 28
 -1549 1448 1447 1546 1646 1747 1748 1649 1549 -1548
 1547 1647 1648 1548 -1538 1437 1436 1535 1635 1736
 1737 1638 1538 -1537 1536 1636 1637 1537 -12135
C; 3213 21 11 28
 -1549 1448 1447 1546 1646 1747 1748 1649 1549 -1548
 1547 1647 1648 1548 -1736 1635 1535 1436 1437 1538
 1638 1737 1734 1632 1431 -1537 1536 1636 1637 1537
 -1635 1734 -1736 1632 -12135
C! 3214 21 11 28
 -1556 1455 1453 1545 -1556 1542 1642 -1556 1656 1642
 -1656 1755 1753 1645 -1538 1437 1436 1535 1635 1736
 1737 1638 1538 -1537 1536 1636 1637 1537 -12135
C? 3215 21 19 28
 -1451 1452 1552 1550 1350 1352 1454 1555 1756 2156
 2455 2554 2652 2650 2548 2447 2045 -2454 2553 2549
 2448 -2156 2355 2453 2449 2347 2246 -1945 1942 2042
 2045 1945 -1938 1837 1836 1935 2035 2136 2137 2038
 1938 -1937 1936 2036 2037 1937 -12935
C/ 3220 21 23 28
 -3060 1228 1328 -3060 3160 1328 -13335
C( 3221 21 14 28
 -2060 1858 1655 1451 1346 1342 1437 1633 1830 2028
 -1654 1551 1447 1441 1537 1634 -1858 1756 1653 1547
 1541 1635 1732 1830 -12435
C) 3222 21 14 28
 -1460 1658 1855 2051 2146 2142 2037 1833 1630 1428
 -1854 1951 2047 2041 1937 1834 -1658 1756 1853 1947
 1941 1835 1732 1630 -12435
C* 3223 21 16 28
 -1856 1755 1945 1844 -1856 1844 -1856 1955 1745 1844
 -1353 1453 2247 2347 -1353 2347 -1353 1352 2348 2347
 -2353 2253 1447 1347 -2353 1347 -2353 2352 1348 1347
 -12635
C- 3224 21 25 28
 -1445 3145 3144 -1445 1444 3144 -13535
C  3199 21 16 28
 -12635

