C@ 2801 21 20 28
 -2056 1335 -2056 2735 -2053 2635 -1541 2441 -1135 1735
 -2335 2935 -13035
CA 2802 21 22 28
 -1556 1535 -1656 1635 -1256 2856 2850 2756 -1646 2446
 2745 2844 2942 2939 2837 2736 2435 1235 -2446 2645
 2744 2842 2839 2737 2636 2435 -13235
CB 2803 21 22 28
 -1556 1535 -1656 1635 -1256 2456 2755 2854 2952 2950
 2848 2747 2446 -2456 2655 2754 2852 2850 2748 2647
 2446 -1646 2446 2745 2844 2942 2939 2837 2736 2435
 1235 -2446 2645 2744 2842 2839 2737 2636 2435 -13235
CC 2804 21 18 28
 -1556 1535 -1656 1635 -1256 2756 2750 2656 -1235 1935
 -12835
CD 2805 21 24 28
 -1856 1850 1742 1638 1536 1435 -2856 2835 -2956 2935
 -1556 3256 -1135 3235 -1135 1128 -1235 1128 -3135 3228
 -3235 3228 -13435
CE 2806 21 21 28
 -1556 1535 -1656 1635 -2250 2242 -1256 2856 2850 2756
 -1646 2246 -1235 2835 2841 2735 -13135
CF 2807 21 31 28
 -2556 2535 -2656 2635 -2256 2956 -1455 1554 1453 1354
 1355 1456 1556 1655 1753 1849 1947 2146 3046 3247
 3349 3453 3555 3656 3756 3855 3854 3753 3654 3755
 -2146 1945 1843 1738 1636 1535 -2146 2045 1943 1838
 1736 1635 1435 1336 1238 -3046 3245 3343 3438 3536
 3635 -3046 3145 3243 3338 3436 3535 3735 3836 3938
 -2235 2935 -14135
CG 2808 21 20 28
 -1453 1356 1350 1453 1655 1856 2256 2555 2653 2650
 2548 2247 1947 -2256 2455 2553 2550 2448 2247 -2247
 2446 2644 2742 2739 2637 2536 2235 1735 1536 1437
 1339 1340 1441 1540 1439 -2545 2642 2639 2537 2436
 2235 -13035
CH 2809 21 24 28
 -1556 1535 -1656 1635 -2856 2835 -2956 2935 -1256 1956
 -2556 3256 -2854 1637 -1235 1935 -2535 3235 -13435
CI 2810 21 24 28
 -1556 1535 -1656 1635 -2856 2835 -2956 2935 -1256 1956
 -2556 3256 -2854 1637 -1235 1935 -2535 3235 -1862 1863
 1763 1762 1860 2059 2459 2660 2762 -13435
CJ 2811 21 24 28
 -1556 1535 -1656 1635 -1256 1956 -1646 2346 2547 2649
 2753 2855 2956 3056 3155 3154 3053 2954 3055 -2346
 2545 2643 2738 2836 2935 -2346 2445 2543 2638 2736
 2835 3035 3136 3238 -1235 1935 -13435
CK 2812 21 25 28
 -1856 1850 1742 1638 1536 1435 1335 1236 1237 1338
 1437 1336 -2956 2935 -3056 3035 -1556 3356 -2635 3335
 -13535
CL 2813 21 25 28
 -1556 1535 -1656 2238 -1556 2235 -2956 2235 -2956 2935
 -3056 3035 -1256 1656 -2956 3356 -1235 1835 -2635 3335
 -13535
CM 2814 21 24 28
 -1556 1535 -1656 1635 -2856 2835 -2956 2935 -1256 1956
 -2556 3256 -1646 2846 -1235 1935 -2535 3235 -13435
CN 2815 21 22 28
 -2056 1755 1553 1451 1347 1344 1440 1538 1736 2035
 2235 2536 2738 2840 2944 2947 2851 2753 2555 2256
 2056 -2056 1855 1653 1551 1447 1444 1540 1638 1836
 2035 -2235 2436 2638 2740 2844 2847 2751 2653 2455
 2256 -13235
CN 2816 21 24 28
 -1556 1535 -1656 1635 -2856 2835 -2956 2935 -1256 3256
 -1235 1935 -2535 3235 -13435
CO 2817 21 22 28
 -1556 1535 -1656 1635 -1256 2456 2755 2854 2952 2949
 2847 2746 2445 1645 -2456 2655 2754 2852 2849 2747
 2646 2445 -1235 1935 -13235
CP 2818 21 21 28
 -2753 2850 2856 2753 2555 2256 2056 1755 1553 1451
 1348 1343 1440 1538 1736 2035 2235 2536 2738 2840
 -2056 1855 1653 1551 1448 1443 1540 1638 1836 2035
 -13135
CQ 2819 21 19 28
 -1956 1935 -2056 2035 -1356 1250 1256 2756 2750 2656
 -1635 2335 -12935
CR 2820 21 21 28
 -1356 2040 -1456 2140 -2856 2140 1937 1836 1635 1535
 1436 1437 1538 1637 1536 -1156 1756 -2456 3056 -13135
CS 2821 21 25 28
 -2256 2235 -2356 2335 -1956 2656 -2053 1652 1450 1347
 1344 1441 1639 2038 2538 2939 3141 3244 3247 3150
 2952 2553 2053 -2053 1752 1550 1447 1444 1541 1739
 2038 -2538 2839 3041 3144 3147 3050 2852 2553 -1935
 2635 -13535
CT 2822 21 20 28
 -1356 2635 -1456 2735 -2756 1335 -1156 1756 -2356 2956
 -1135 1735 -2335 2935 -13035
CU 2823 21 24 28
 -1556 1535 -1656 1635 -2856 2835 -2956 2935 -1256 1956
 -2556 3256 -1235 3235 -3135 3228 -3235 3228 -13435
CV 2824 21 23 28
 -1556 1545 1643 1942 2242 2543 2745 -1656 1645 1743
 1942 -2756 2735 -2856 2835 -1256 1956 -2456 3156 -2435
 3135 -13335
CW 2825 21 33 28
 -1556 1535 -1656 1635 -2656 2635 -2756 2735 -3756 3735
 -3856 3835 -1256 1956 -2356 3056 -3456 4156 -1235 4135
 -14335
CX 2826 21 33 28
 -1556 1535 -1656 1635 -2656 2635 -2756 2735 -3756 3735
 -3856 3835 -1256 1956 -2356 3056 -3456 4156 -1235 4135
 -4035 4128 -4135 4128 -14335
CY 2827 21 26 28
 -2056 2035 -2156 2135 -1356 1250 1256 2456 -2146 2846
 3145 3244 3342 3339 3237 3136 2835 1735 -2846 3045
 3144 3242 3239 3137 3036 2835 -13635
CZ 2828 21 30 28
 -1556 1535 -1656 1635 -1256 1956 -1646 2346 2645 2744
 2842 2839 2737 2636 2335 1235 -2346 2545 2644 2742
 2739 2637 2536 2335 -3456 3435 -3556 3535 -3156 3856
 -3135 3835 -14035
C[ 2829 21 21 28
 -1556 1535 -1656 1635 -1256 1956 -1646 2346 2645 2744
 2842 2839 2737 2636 2335 1235 -2346 2545 2644 2742
 2739 2637 2536 2335 -13135
C\ 2830 21 21 28
 -1453 1356 1350 1453 1655 1956 2156 2455 2653 2751
 2848 2843 2740 2638 2436 2135 1835 1536 1437 1339
 1340 1441 1540 1439 -2156 2355 2553 2651 2748 2743
 2640 2538 2336 2135 -1846 2746 -13135
C] 2831 21 31 28
 -1556 1535 -1656 1635 -1256 1956 -1235 1935 -2956 2655
 2453 2351 2247 2244 2340 2438 2636 2935 3135 3436
 3638 3740 3844 3847 3751 3653 3455 3156 2956 -2956
 2755 2553 2451 2347 2344 2440 2538 2736 2935 -3135
 3336 3538 3640 3744 3747 3651 3553 3355 3156 -1646
 2246 -14135
C_ 2832 21 22 28
 -2656 2635 -2756 2735 -3056 1856 1555 1454 1352 1350
 1448 1547 1846 2646 -1856 1655 1554 1452 1450 1548
 1647 1846 -2146 1945 1844 1537 1436 1336 1237 -1945
 1843 1636 1535 1335 1237 1238 -2335 3035 -13235
C^ 2901 21 20 28
 -1547 1546 1446 1447 1548 1749 2149 2348 2447 2545
 2538 2636 2735 -2447 2438 2536 2735 2835 -2445 2344
 1743 1442 1340 1338 1436 1735 2035 2236 2438 -1743
 1542 1440 1438 1536 1735 -13035
Ca 2902 21 20 28
 -2656 2555 1953 1651 1448 1345 1341 1438 1636 1935
 2135 2436 2638 2741 2743 2646 2448 2149 1949 1648
 1446 1343 -2656 2554 2353 1952 1650 1448 -1949 1748
 1546 1443 1441 1538 1736 1935 -2135 2336 2538 2641
 2643 2546 2348 2149 -13035
Cb 2903 21 20 28
 -1549 1535 -1649 1635 -1249 2349 2648 2746 2745 2643
 2342 -2349 2548 2646 2645 2543 2342 -1642 2342 2641
 2739 2738 2636 2335 1235 -2342 2541 2639 2638 2536
 2335 -13035
Cc 2904 21 18 28
 -1549 1535 -1649 1635 -1249 2649 2644 2549 -1235 1935
 -12835
Cd 2905 21 23 28
 -1849 1845 1739 1636 1535 -2749 2735 -2849 2835 -1549
 3149 -1335 1230 1235 3135 3130 3035 -13335
Ce 2906 21 19 28
 -1443 2643 2645 2547 2448 2249 1949 1648 1446 1343
 1341 1438 1636 1935 2135 2436 2638 -2543 2546 2448
 -1949 1748 1546 1443 1441 1538 1736 1935 -12935
Cf 2907 21 27 28
 -2349 2335 -2449 2435 -2049 2749 -1548 1447 1348 1449
 1549 1648 1844 1943 2142 2642 2843 2944 3148 3249
 3349 3448 3347 3248 -2142 1941 1840 1636 1535 -2142
 1940 1736 1635 1435 1336 1238 -2642 2841 2940 3136
 3235 -2642 2840 3036 3135 3335 3436 3538 -2035 2735
 -13735
Cg 2908 21 18 28
 -1447 1349 1345 1447 1548 1749 2149 2448 2546 2545
 2443 2142 -2149 2348 2446 2445 2343 2142 -1842 2142
 2441 2539 2538 2436 2135 1735 1436 1338 1339 1440
 1539 1438 -2142 2341 2439 2438 2336 2135 -12835
Ch 2909 21 22 28
 -1549 1535 -1649 1635 -2649 2635 -2749 2735 -1249 1949
 -2349 3049 -1235 1935 -2335 3035 -2648 1636 -13235
Ci 2910 21 22 28
 -1549 1535 -1649 1635 -2649 2635 -2749 2735 -1249 1949
 -2349 3049 -1235 1935 -2335 3035 -2648 1636 -1855 1856
 1756 1755 1853 2052 2252 2453 2555 -13235
Cj 2911 21 20 28
 -1549 1535 -1649 1635 -1249 1949 -1642 1842 2143 2244
 2448 2549 2649 2748 2647 2548 -1842 2141 2240 2436
 2535 -1842 2041 2140 2336 2435 2635 2736 2838 -1235
 1935 -13035
Ck 2912 21 22 28
 -1749 1745 1639 1536 1435 1335 1236 1337 1436 -2649
 2635 -2749 2735 -1449 3049 -2335 3035 -13235
Cl 2913 21 23 28
 -1549 1535 -1549 2135 -1649 2137 -2749 2135 -2749 2735
 -2849 2835 -1249 1649 -2749 3149 -1235 1835 -2435 3135
 -13335
Cm 2914 21 22 28
 -1549 1535 -1649 1635 -2649 2635 -2749 2735 -1249 1949
 -2349 3049 -1642 2642 -1235 1935 -2335 3035 -13235
Cn 2915 21 20 28
 -1949 1648 1446 1343 1341 1438 1636 1935 2135 2436
 2638 2741 2743 2646 2448 2149 1949 -1949 1748 1546
 1443 1441 1538 1736 1935 -2135 2336 2538 2641 2643
 2546 2348 2149 -13035
Co 2916 21 22 28
 -1549 1535 -1649 1635 -2649 2635 -2749 2735 -1249 3049
 -1235 1935 -2335 3035 -13235
Cp 2917 21 21 28
 -1549 1528 -1649 1628 -1646 1848 2049 2249 2548 2746
 2843 2841 2738 2536 2235 2035 1836 1638 -2249 2448
 2646 2743 2741 2638 2436 2235 -1249 1649 -1228 1928
 -13135
Cq 2918 21 19 28
 -2546 2445 2544 2645 2646 2448 2249 1949 1648 1446
 1343 1341 1438 1636 1935 2135 2436 2638 -1949 1748
 1546 1443 1441 1538 1736 1935 -12935
Cr 2919 21 19 28
 -1949 1935 -2049 2035 -1449 1344 1349 2649 2644 2549
 -1635 2335 -12935
Cs 2920 21 18 28
 -1349 1935 -1449 1937 -2549 1935 1731 1529 1328 1228
 1129 1230 1329 -1149 1749 -2149 2749 -12835
Ct 2921 21 21 28
 -2056 2028 -2156 2128 -1756 2156 -2046 1948 1849 1649
 1448 1345 1339 1436 1635 1835 1936 2038 -1649 1548
 1445 1439 1536 1635 -2549 2648 2745 2739 2636 2535
 -2146 2248 2349 2549 2748 2845 2839 2736 2535 2335
 2236 2138 -1728 2428 -13135
Cu 2922 21 20 28
 -1449 2535 -1549 2635 -2649 1435 -1249 1849 -2249 2849
 -1235 1835 -2235 2835 -13035
Cv 2923 21 22 28
 -1549 1535 -1649 1635 -2649 2635 -2749 2735 -1249 1949
 -2349 3049 -1235 3035 3030 2935 -13235
Cw 2924 21 22 28
 -1549 1542 1640 1939 2139 2440 2642 -1649 1642 1740
 1939 -2649 2635 -2749 2735 -1249 1949 -2349 3049 -2335
 3035 -13235
Cx 2925 21 31 28
 -1549 1535 -1649 1635 -2549 2535 -2649 2635 -3549 3535
 -3649 3635 -1249 1949 -2249 2949 -3249 3949 -1235 3935
 -14135
Cy 2926 21 31 28
 -1549 1535 -1649 1635 -2549 2535 -2649 2635 -3549 3535
 -3649 3635 -1249 1949 -2249 2949 -3249 3949 -1235 3935
 3930 3835 -14135
Cz 2927 21 21 28
 -1949 1935 -2049 2035 -1449 1344 1349 2349 -2042 2442
 2741 2839 2838 2736 2435 1635 -2442 2641 2739 2738
 2636 2435 -13135
C{ 2928 21 26 28
 -1549 1535 -1649 1635 -1249 1949 -1642 2042 2341 2439
 2438 2336 2035 1235 -2042 2241 2339 2338 2236 2035
 -3049 3035 -3149 3135 -2749 3449 -2735 3435 -13635
C| 2929 21 17 28
 -1549 1535 -1649 1635 -1249 1949 -1642 2042 2341 2439
 2438 2336 2035 1235 -2042 2241 2339 2338 2236 2035
 -12735
C} 2930 21 19 28
 -1447 1349 1345 1447 1548 1749 2049 2348 2546 2643
 2641 2538 2336 2035 1735 1536 1338 1339 1440 1539
 1438 -2049 2248 2446 2543 2541 2438 2236 2035 -1942
 2542 -12935
C~ 2931 21 29 28
 -1549 1535 -1649 1635 -1249 1949 -1235 1935 -2849 2548
 2346 2243 2241 2338 2536 2835 3035 3336 3538 3641
 3643 3546 3348 3049 2849 -2849 2648 2446 2343 2341
 2438 2636 2835 -3035 3236 3438 3541 3543 3446 3248
 3049 -1642 2242 -13935
C; 2932 21 21 28
 -2549 2535 -2649 2635 -2949 1849 1548 1446 1445 1543
 1842 2542 -1849 1648 1546 1545 1643 1842 -2342 2041
 1940 1736 1635 -2342 2141 2040 1836 1735 1535 1436
 1338 -2235 2935 -13135
C0 2700 21 20 28
 -1956 1655 1452 1347 1344 1439 1636 1935 2135 2436
 2639 2744 2747 2652 2455 2156 1956 -1755 1552 1447
 1444 1539 1736 -1637 1936 2136 2437 -2336 2539 2644
 2647 2552 2355 -2454 2155 1955 1654 -13035
C1 2701 21 20 28
 -1652 1853 2156 2135 -1652 1651 1852 2054 2035 2135
 -13035
C2 2702 21 20 28
 -1451 1452 1554 1655 1856 2256 2455 2554 2652 2650
 2548 2345 1435 -1451 1551 1552 1654 1855 2255 2454
 2552 2550 2448 2245 1335 -1436 2736 2735 -1335 2735
 -13035
C3 2703 21 20 28
 -1556 2656 1947 -1556 1555 2555 -2556 1847 -1948 2148
 2447 2645 2742 2741 2638 2436 2135 1835 1536 1437
 1339 1439 -1847 2147 2446 2643 -2247 2545 2642 2641
 2538 2236 -2640 2437 2136 1836 1537 1439 -1736 1438
 -13035
C4 2704 21 20 28
 -2353 2335 2435 -2456 2435 -2456 1340 2840 -2353 1440
 -1441 2841 2840 -13035
C5 2705 21 20 28
 -1556 1447 -1655 1548 -1556 2556 2555 -1655 2555 -1548
 1849 2149 2448 2646 2743 2741 2638 2436 2135 1835
 1536 1437 1339 1439 -1447 1547 1748 2148 2447 2644
 -2248 2546 2643 2641 2538 2236 -2640 2437 2136 1836
 1537 1439 -1736 1438 -13035
C6 2706 21 20 28
 -2455 2553 2653 2555 2256 2056 1755 1552 1447 1442
 1538 1736 2035 2135 2436 2638 2741 2742 2645 2447
 2148 2048 1747 1545 -2554 2255 2055 1754 -1855 1652
 1547 1542 1638 1936 -1540 1737 2036 2136 2437 2640
 -2236 2538 2641 2642 2545 2247 -2643 2446 2147 2047
 1746 1543 -1947 1645 1542 -13035
C7 2707 21 20 28
 -1356 2756 1735 -1356 1355 2655 -2656 1635 1735 -13035
C8 2708 21 20 28
 -1856 1555 1453 1451 1549 1648 1847 2246 2445 2544
 2642 2639 2537 2236 1836 1537 1439 1442 1544 1645
 1846 2247 2448 2549 2651 2653 2555 2256 1856 -1655
 1553 1551 1649 1848 2247 2446 2644 2742 2739 2637
 2536 2235 1835 1536 1437 1339 1342 1444 1646 1847
 2248 2449 2551 2553 2455 -2554 2255 1855 1554 -1438
 1736 -2336 2638 -13035
C9 2709 21 20 28
 -2546 2344 2043 1943 1644 1446 1349 1350 1453 1655
 1956 2056 2355 2553 2649 2644 2539 2336 2035 1835
 1536 1438 1538 1636 -2549 2446 2144 -2548 2345 2044
 1944 1645 1448 -1844 1546 1449 1450 1553 1855 -1451
 1654 1955 2055 2354 2551 -2155 2453 2549 2544 2439
 2236 -2337 2036 1836 1537 -13035
C. 2710 21 11 28
 -1538 1437 1436 1535 1635 1736 1737 1638 1538 -1537
 1536 1636 1637 1537 -12135
C, 2711 21 11 28
 -1736 1635 1535 1436 1437 1538 1638 1737 1734 1632
 1431 -1537 1536 1636 1637 1537 -1635 1734 -1736 1632
 -12135
C: 2712 21 11 28
 -1549 1448 1447 1546 1646 1747 1748 1649 1549 -1548
 1547 1647 1648 1548 -1538 1437 1436 1535 1635 1736
 1737 1638 1538 -1537 1536 1636 1637 1537 -12135
C; 2713 21 11 28
 -1549 1448 1447 1546 1646 1747 1748 1649 1549 -1548
 1547 1647 1648 1548 -1736 1635 1535 1436 1437 1538
 1638 1737 1734 1632 1431 -1537 1536 1636 1637 1537
 -1635 1734 -1736 1632 -12135
C! 2714 21 11 28
 -1556 1542 1642 -1556 1656 1642 -1538 1437 1436 1535
 1635 1736 1737 1638 1538 -1537 1536 1636 1637 1537
 -12135
C' 2715 21 19 28
 -1351 1352 1454 1555 1856 2156 2455 2554 2652 2650
 2548 2447 2246 1945 -1351 1451 1452 1554 1855 2155
 2454 2552 2550 2448 2247 1946 -1453 1755 -2255 2553
 -2549 2146 -1946 1942 2042 2046 -1938 1837 1836 1935
 2035 2136 2137 2038 1938 -1937 1936 2036 2037 1937
 -12935
C/ 2720 21 23 28
 -3060 1228 1328 -3060 3160 1328 -13335
C( 2721 21 14 28
 -2060 1858 1655 1451 1346 1342 1437 1633 1830 2028
 2128 -2060 2160 1958 1755 1551 1446 1442 1537 1733
 1930 2128 -12435
C) 2722 21 14 28
 -1360 1558 1755 1951 2046 2042 1937 1733 1530 1328
 1428 -1360 1460 1658 1855 2051 2146 2142 2037 1833
 1630 1428 -12435
C* 2723 21 16 28
 -1856 1755 1945 1844 -1856 1844 -1856 1955 1745 1844
 -1353 1453 2247 2347 -1353 2347 -1353 1352 2348 2347
 -2353 2253 1447 1347 -2353 1347 -2353 2352 1348 1347
 -12635
C- 2724 21 25 28
 -1445 3145 3144 -1445 1444 3144 -13535
C  2699 21 16 28
 -12635
