CA 2051 21 20 28
 -2356 1035 -2356 2435 -2254 2335 -1441 2341 -835 1435
 -2035 2635 -13035
CB 2052 21 24 28
 -1956 1335 -2056 1435 -1656 2756 3055 3153 3151 3048
 2947 2646 -2756 2955 3053 3051 2948 2847 2646 -1746
 2646 2845 2943 2941 2838 2636 2235 1035 -2646 2745
 2843 2841 2738 2536 2235 -13435
CC 2053 21 21 28
 -2854 2954 3056 2950 2952 2854 2755 2556 2256 1955
 1753 1550 1447 1343 1340 1437 1536 1835 2135 2336
 2538 2640 -2256 2055 1853 1650 1547 1443 1440 1537
 1636 1835 -13135
CD 2054 21 23 28
 -1956 1335 -2056 1435 -1656 2556 2855 2954 3051 3047
 2943 2739 2537 2336 1935 1035 -2556 2755 2854 2951
 2947 2843 2639 2437 2236 1935 -13335
CE 2055 21 23 28
 -1956 1335 -2056 1435 -2450 2242 -1656 3156 3050 3056
 -1746 2346 -1035 2535 2740 2435 -13335
CF 2056 21 22 28
 -1956 1335 -2056 1435 -2450 2242 -1656 3156 3050 3056
 -1746 2346 -1035 1735 -13235
CG 2057 21 22 28
 -2854 2954 3056 2950 2952 2854 2755 2556 2256 1955
 1753 1550 1447 1343 1340 1437 1536 1835 2035 2336
 2538 2742 -2256 2055 1853 1650 1547 1443 1440 1537
 1636 1835 -2035 2236 2438 2642 -2342 3042 -13235
CH 2058 21 26 28
 -1956 1335 -2056 1435 -3256 2635 -3356 2735 -1656 2356
 -2956 3656 -1746 2946 -1035 1735 -2335 3035 -13635
CI 2059 21 13 28
 -1956 1335 -2056 1435 -1656 2356 -1035 1735 -12335
CJ 2060 21 18 28
 -2556 2039 1937 1836 1635 1435 1236 1138 1140 1241
 1340 1239 -2456 1939 1837 1635 -2156 2856 -12835
CK 2061 21 23 28
 -1956 1335 -2056 1435 -3356 1643 -2347 2735 -2247 2635
 -1656 2356 -2956 3556 -1035 1735 -2335 2935 -13335
CL 2062 21 20 28
 -1956 1335 -2056 1435 -1656 2356 -1035 2535 2741 2435
 -13035
CM 2063 21 27 28
 -1956 1335 -1956 2035 -2056 2137 -3356 2035 -3356 2735
 -3456 2835 -1656 2056 -3356 3756 -1035 1635 -2435 3135
 -13735
CN 2064 21 25 28
 -1956 1335 -1956 2638 -1953 2635 -3256 2635 -1656 1956
 -2956 3556 -1035 1635 -13535
CO 2065 21 22 28
 -2256 1955 1753 1550 1447 1343 1340 1437 1536 1735
 2035 2336 2538 2741 2844 2948 2951 2854 2755 2556
 2256 -2256 2055 1853 1650 1547 1443 1440 1537 1735
 -2035 2236 2438 2641 2744 2848 2851 2754 2556 -13235
CP 2066 21 23 28
 -1956 1335 -2056 1435 -1656 2856 3155 3253 3251 3148
 2946 2545 1745 -2856 3055 3153 3151 3048 2846 2545
 -1035 1735 -13335
CQ 2067 21 22 28
 -2256 1955 1753 1550 1447 1343 1340 1437 1536 1735
 2035 2336 2538 2741 2844 2948 2951 2854 2755 2556
 2256 -2256 2055 1853 1650 1547 1443 1440 1537 1735
 -2035 2236 2438 2641 2744 2848 2851 2754 2556 -1537
 1538 1640 1841 1941 2140 2238 2231 2330 2530 2632
 2633 -2238 2332 2431 2531 2632 -13235
CR 2068 21 24 28
 -1956 1335 -2056 1435 -1656 2756 3055 3153 3151 3048
 2947 2646 1746 -2756 2955 3053 3051 2948 2847 2646
 -2246 2445 2544 2636 2735 2935 3037 3038 -2544 2737
 2836 2936 3037 -1035 1735 -13435
CS 2069 21 23 28
 -2954 3054 3156 3050 3052 2954 2855 2556 2156 1855
 1653 1651 1749 1848 2544 2742 -1651 1849 2545 2644
 2742 2739 2637 2536 2235 1835 1536 1437 1339 1341
 1235 1337 1437 -13335
CT 2070 21 21 28
 -2356 1735 -2456 1835 -1756 1450 1656 3156 3050 3056
 -1435 2135 -13135
CU 2071 21 25 28
 -1856 1545 1441 1438 1536 1835 2235 2536 2738 2841
 3256 -1956 1645 1541 1538 1636 1835 -1556 2256 -2956
 3556 -13535
CV 2072 21 20 28
 -1656 1735 -1756 1837 -3056 1735 -1456 2056 -2656 3256
 -13035
CW 2073 21 26 28
 -1856 1635 -1956 1737 -2656 1635 -2656 2435 -2756 2537
 -3456 2435 -1556 2256 -3156 3756 -13635
CX 2074 21 22 28
 -1756 2435 -1856 2535 -3156 1135 -1556 2156 -2756 3356
 -935 1535 -2135 2735 -13235
CY 2075 21 21 28
 -1656 2046 1735 -1756 2146 1835 -3156 2146 -1456 2056
 -2756 3356 -1435 2135 -13135
CZ 2076 21 22 28
 -3056 1135 -3156 1235 -1856 1550 1756 3156 -1135 2535
 2741 2435 -13235
Ca 2151 21 21 28
 -2649 2442 2338 2336 2435 2735 2937 3039 -2749 2542
 2438 2436 2535 -2442 2445 2348 2149 1949 1648 1445
 1342 1339 1437 1536 1735 1935 2136 2339 2442 -1949
 1748 1545 1442 1438 1536 -13135
Cb 2152 21 19 28
 -1856 1443 1440 1537 1636 -1956 1543 -1543 1646 1848
 2049 2249 2448 2547 2645 2642 2539 2336 2035 1835
 1636 1539 1543 -2448 2546 2542 2439 2236 2035 -1556
 1956 -12935
Cc 2153 21 18 28
 -2446 2445 2545 2546 2448 2249 1949 1648 1445 1342
 1339 1437 1536 1735 1935 2236 2439 -1949 1748 1545
 1442 1438 1536 -12835
Cd 2154 21 21 28
 -2856 2442 2338 2336 2435 2735 2937 3039 -2956 2542
 2438 2436 2535 -2442 2445 2348 2149 1949 1648 1445
 1342 1339 1437 1536 1735 1935 2136 2339 2442 -1949
 1748 1545 1442 1438 1536 -2556 2956 -13135
Ce 2155 21 18 28
 -1440 1841 2142 2444 2546 2448 2249 1949 1648 1445
 1342 1339 1437 1536 1735 1935 2236 2438 -1949 1748
 1545 1442 1438 1536 -12835
Cf 2156 21 15 28
 -2555 2454 2553 2654 2655 2556 2356 2155 2054 1952
 1849 1535 1431 1329 -2356 2154 2052 1948 1739 1635
 1532 1430 1329 1128 928 829 830 931 1030 929
 -1449 2449 -12535
Cg 2157 21 20 28
 -2749 2335 2232 2029 1728 1428 1229 1130 1131 1232
 1331 1230 -2649 2235 2132 1929 1728 -2442 2445 2348
 2149 1949 1648 1445 1342 1339 1437 1536 1735 1935
 2136 2339 2442 -1949 1748 1545 1442 1438 1536 -13035
Ch 2158 21 21 28
 -1856 1235 -1956 1335 -1542 1746 1948 2149 2349 2548
 2647 2645 2439 2436 2535 -2349 2547 2545 2339 2336
 2435 2735 2937 3039 -1556 1956 -13135
Ci 2159 21 13 28
 -1956 1855 1954 2055 1956 -1145 1247 1449 1749 1848
 1845 1639 1636 1735 -1649 1748 1745 1539 1536 1635
 1935 2137 2239 -12335
Cj 2160 21 13 28
 -2056 1955 2054 2155 2056 -1245 1347 1549 1849 1948
 1945 1635 1532 1430 1329 1128 928 829 830 931
 1030 929 -1749 1848 1845 1535 1432 1330 1128 -12335
Ck 2161 21 20 28
 -1856 1235 -1956 1335 -2648 2547 2646 2747 2748 2649
 2549 2348 1944 1743 1543 -1743 1942 2136 2235 -1743
 1842 2036 2135 2335 2536 2739 -1556 1956 -13035
Cl 2162 21 12 28
 -1856 1442 1338 1336 1435 1735 1937 2039 -1956 1542
 1438 1436 1535 -1556 1956 -12235
Cm 2163 21 33 28
 -1145 1247 1449 1749 1848 1846 1742 1535 -1649 1748
 1746 1642 1435 -1742 1946 2148 2349 2549 2748 2847
 2845 2535 -2549 2747 2745 2435 -2742 2946 3148 3349
 3549 3748 3847 3845 3639 3636 3735 -3549 3747 3745
 3539 3536 3635 3935 4137 4239 -14335
Cn 2164 21 23 28
 -1145 1247 1449 1749 1848 1846 1742 1535 -1649 1748
 1746 1642 1435 -1742 1946 2148 2349 2549 2748 2847
 2845 2639 2636 2735 -2549 2747 2745 2539 2536 2635
 2935 3137 3239 -13335
Co 2165 21 18 28
 -1949 1648 1445 1342 1339 1437 1536 1735 1935 2236
 2439 2542 2545 2447 2348 2149 1949 -1949 1748 1545
 1442 1438 1536 -1935 2136 2339 2442 2446 2348 -12835
Cp 2166 21 21 28
 -1145 1247 1449 1749 1848 1846 1742 1328 -1649 1748
 1746 1642 1228 -1742 1845 2048 2249 2449 2648 2747
 2845 2842 2739 2536 2235 2035 1836 1739 1742 -2648
 2746 2742 2639 2436 2235 -928 1628 -13135
Cq 2167 21 20 28
 -2649 2028 -2749 2128 -2442 2445 2348 2149 1949 1648
 1445 1342 1339 1437 1536 1735 1935 2136 2339 2442
 -1949 1748 1545 1442 1438 1536 -1728 2428 -13035
Cr 2168 21 17 28
 -1145 1247 1449 1749 1848 1846 1742 1535 -1649 1748
 1746 1642 1435 -1742 1946 2148 2349 2549 2648 2647
 2546 2447 2548 -12735
Cs 2169 21 17 28
 -2447 2446 2546 2547 2448 2149 1849 1548 1447 1445
 1544 2240 2339 -1446 1545 2241 2340 2337 2236 1935
 1635 1336 1237 1238 1338 1337 -12735
Ct 2170 21 14 28
 -1956 1542 1438 1436 1535 1835 2037 2139 -2056 1642
 1538 1536 1635 -1349 2249 -12435
Cu 2171 21 23 28
 -1145 1247 1449 1749 1848 1845 1639 1637 1835 -1649
 1748 1745 1539 1537 1636 1835 2035 2236 2438 2642
 -2849 2642 2538 2536 2635 2935 3137 3239 -2949 2742
 2638 2636 2735 -13335
Cv 2172 21 20 28
 -1145 1247 1449 1749 1848 1845 1639 1637 1835 -1649
 1748 1745 1539 1537 1636 1835 1935 2236 2438 2641
 2745 2749 2649 2747 -13035
Cw 2173 21 29 28
 -1145 1247 1449 1749 1848 1845 1639 1637 1835 -1649
 1748 1745 1539 1537 1636 1835 2035 2236 2438 2540
 -2749 2540 2537 2636 2835 3035 3236 3438 3540 3644
 3649 3549 3647 -2849 2640 2637 2835 -13935
Cx 2174 21 20 28
 -1345 1548 1749 2049 2147 2144 -1949 2047 2044 1940
 1838 1636 1435 1335 1236 1237 1338 1437 1336 -1940
 1937 2035 2335 2536 2739 -2748 2647 2746 2847 2848
 2749 2649 2448 2246 2144 2040 2037 2135 -13035
Cy 2175 21 21 28
 -1145 1247 1449 1749 1848 1845 1639 1637 1835 -1649
 1748 1745 1539 1537 1636 1835 2035 2236 2438 2642
 -2949 2535 2432 2229 1928 1628 1429 1330 1331 1432
 1531 1430 -2849 2435 2332 2129 1928 -13135
Cz 2176 21 20 28
 -2749 2647 2445 1639 1437 1335 -1445 1547 1749 2049
 2447 -1547 1748 2048 2447 2647 -1437 1637 2036 2336
 2537 -1637 2035 2335 2537 2639 -13035
C0 2750 21 21 28
 -2256 1955 1753 1550 1447 1343 1340 1437 1536 1735
 1935 2236 2438 2641 2744 2848 2851 2754 2655 2456
 2256 -2256 2055 1853 1650 1547 1443 1440 1537 1735
 -1935 2136 2338 2541 2644 2748 2751 2654 2456 -13135
C1 2751 21 21 28
 -2252 1735 -2456 1835 -2456 2153 1851 1650 -2353 1951
 1650 -13135
C2 2752 21 21 28
 -1752 1851 1750 1651 1652 1754 1855 2156 2456 2755
 2853 2851 2749 2547 2245 1843 1541 1339 1135 -2456
 2655 2753 2751 2649 2447 1843 -1237 1338 1538 2036
 2336 2537 2639 -1538 2035 2335 2536 2639 -13135
C3 2753 21 21 28
 -1752 1851 1750 1651 1652 1754 1855 2156 2456 2755
 2853 2851 2749 2447 2146 -2456 2655 2753 2751 2649
 2447 -1946 2146 2445 2544 2642 2639 2537 2436 2135
 1735 1436 1337 1239 1240 1341 1440 1339 -2146 2345
 2444 2542 2539 2437 2336 2135 -13135
C4 2754 21 21 28
 -2655 2035 -2756 2135 -2756 1241 2841 -13135
C5 2755 21 21 28
 -1956 1446 -1956 2956 -1955 2455 2956 -1446 1547 1848
 2148 2447 2546 2644 2641 2538 2336 2035 1735 1436
 1337 1239 1240 1341 1440 1339 -2148 2347 2446 2544
 2541 2438 2236 2035 -13135
C6 2756 21 21 28
 -2753 2652 2751 2852 2853 2755 2556 2256 1955 1753
 1550 1447 1343 1339 1437 1536 1735 2035 2336 2538
 2640 2643 2545 2446 2247 1947 1746 1544 1442 -2256
 2055 1853 1650 1547 1443 1438 1536 -2035 2236 2438
 2540 2544 2446 -13135
C7 2757 21 21 28
 -1656 1450 -2956 2853 2650 2144 1941 1839 1735 -2650
 2044 1841 1739 1635 -1553 1856 2056 2553 -1654 1855
 2055 2553 2753 2854 2956 -13135
C8 2758 21 21 28
 -2156 1855 1754 1652 1649 1747 1946 2246 2647 2748
 2850 2853 2755 2456 2156 -2156 1955 1854 1752 1749
 1847 1946 -2246 2547 2648 2750 2753 2655 2456 -1946
 1545 1343 1241 1238 1336 1635 2035 2436 2537 2639
 2642 2544 2445 2246 -1946 1645 1443 1341 1338 1436
 1635 -2035 2336 2437 2539 2543 2445 -13135
C9 2759 21 21 28
 -2749 2647 2445 2244 1944 1745 1646 1548 1551 1653
 1855 2156 2456 2655 2754 2852 2848 2744 2641 2438
 2236 1935 1635 1436 1338 1339 1440 1539 1438 -1745
 1647 1651 1753 1955 2156 -2655 2753 2748 2644 2541
 2338 2136 1935 -13135
C. 2760 21 11 28
 -1337 1236 1335 1436 1337 -12135
C, 2761 21 11 28
 -1335 1236 1337 1436 1435 1333 1131 -12135
C: 2762 21 11 28
 -1649 1548 1647 1748 1649 -1337 1236 1335 1436 -12135
C; 2763 21 11 28
 -1649 1548 1647 1748 1649 -1335 1236 1337 1436 1435
 1333 1131 -12135
C! 2764 21 11 28
 -1856 1755 1543 -1855 1543 -1856 1955 1543 -1337 1236
 1335 1436 1337 -12135
C? 2765 21 21 28
 -1752 1851 1750 1651 1652 1754 1855 2156 2556 2855
 2953 2951 2849 2748 2146 1945 1943 2042 2242 -2556
 2755 2853 2851 2749 2648 2447 -1837 1736 1835 1936
 1837 -13135
C/ 2770 21 22 28
 -3460 828 -13235
C( 2771 21 15 28
 -2560 2157 1854 1651 1447 1342 1338 1433 1530 1628
 -2157 1853 1649 1546 1441 1436 1531 1628 -12535
C) 2772 21 15 28
 -1960 2058 2155 2250 2246 2141 1937 1734 1431 1028
 -1960 2057 2152 2147 2042 1939 1735 1431 -12535
C* 2773 21 17 28
 -2056 2044 -1553 2547 -2553 1547 -12735
C- 2774 21 26 28
 -1444 3244 -13635
C  2749 21 16 28
 -12635

