       A    C    D    E    F    G    H    I    K    L    M    N    P    Q    R    S    T    V    W    Y
A      91  -114  0    0    0   -31   0    0    0    0    0    10   0    0    0    0   -123    0    0    0
C     -114  100  0    0    0   -125  0    0    0    0    0    10   0    0    0    0   -31    0    0    0
D      0    0    0    0    0    0    0    0    0    0    0    0    0    0    0    0    0    0    0    0
E      0    0    0    0    0    0    0    0    0    0    0    0    0    0    0    0    0    0    0    0
F      0    0    0    0    0    0    0    0    0    0    0    0    0    0    0    0    0    0    0    0
G     -31  -125  0    0    0    100  0    0    0    0    0    10   0    0    0    0   -114    0    0    0
H      0    0    0    0    0    0    0    0    0    0    0    0    0    0    0    0    0    0    0    0
I      0    0    0    0    0    0    0    0    0    0    0    0    0    0    0    0    0    0    0    0
K      0    0    0    0    0    0    0    0    0    0    0    0    0    0    0    0    0    0    0    0
L      0    0    0    0    0    0    0    0    0    0    0    0    0    0    0    0    0    0    0    0
M      0    0    0    0    0    0    0    0    0    0    0    0    0    0    0    0    0    0    0    0
N      10   10   0    0    0    10   0    0    0    0    0    100  0    0    0    0    10    0    0    0
P      0    0    0    0    0    0    0    0    0    0    0    0    0    0    0    0    0    0    0    0
Q      0    0    0    0    0    0    0    0    0    0    0    0    0    0    0    0    0    0    0    0
R      0    0    0    0    0    0    0    0    0    0    0    0    0    0    0    0    0    0    0    0
S      0    0    0    0    0    0    0    0    0    0    0    0    0    0    0    0    0    0    0    0
T     -123 -31   0    0    0   -114  0    0    0    0    0    10   0    0    0    0    91    0    0    0
V      0    0    0    0    0    0    0    0    0    0    0    0    0    0    0    0    0    0    0    0
W      0    0    0    0    0    0    0    0    0    0    0    0    0    0    0    0    0    0    0    0
Y      0    0    0    0    0    0    0    0    0    0    0    0    0    0    0    0    0    0    0    0
