CA 3051 21 20 28
 -2356 1136 -2152 2235 -2254 2336 -2356 2354 2437 2435
 -1441 2241 -835 1435 -1935 2635 -1136 935 -1136 1335
 -2236 2035 -2237 2135 -2437 2535 -13035
CB 3052 21 24 28
 -1956 1335 -2056 1435 -2156 1535 -1656 2756 3055 3153
 3151 3048 2947 2646 -2955 3053 3051 2948 2847 -2756
 2855 2953 2951 2848 2646 -1846 2646 2845 2943 2941
 2838 2636 2235 1035 -2745 2843 2841 2738 2536 -2646
 2744 2741 2638 2436 2235 -1756 2055 -1856 1954 -2256
 2054 -2356 2055 -1436 1135 -1437 1235 -1537 1635 -1436
 1735 -13435
CC 3053 21 21 28
 -2854 2954 3056 2950 2952 2854 2755 2556 2256 1955
 1753 1550 1447 1343 1340 1437 1536 1835 2135 2336
 2538 2640 -1954 1752 1650 1547 1443 1439 1537 -2256
 2055 1852 1750 1647 1543 1538 1636 1835 -13135
CD 3054 21 23 28
 -1956 1335 -2056 1435 -2156 1535 -1656 2556 2855 2954
 3051 3047 2943 2739 2537 2336 1935 1035 -2755 2854
 2951 2947 2843 2639 2437 -2556 2754 2851 2847 2743
 2539 2236 1935 -1756 2055 -1856 1954 -2256 2054 -2356
 2055 -1436 1135 -1437 1235 -1537 1635 -1436 1735 -13335
CE 3055 21 23 28
 -1956 1335 -2056 1435 -2156 1535 -2550 2342 -1656 3156
 3050 -1846 2446 -1035 2535 2740 -1756 2055 -1856 1954
 -2256 2054 -2356 2055 -2756 3055 -2856 3054 -2956 3053
 -3056 3050 -2550 2346 2342 -2448 2246 2344 -2447 2146
 2345 -1436 1135 -1437 1235 -1537 1635 -1436 1735 -2035
 2536 -2235 2537 -2537 2740 -13335
CF 3056 21 22 28
 -1956 1335 -2056 1435 -2156 1535 -2550 2342 -1656 3156
 3050 -1846 2446 -1035 1835 -1756 2055 -1856 1954 -2256
 2054 -2356 2055 -2756 3055 -2856 3054 -2956 3053 -3056
 3050 -2550 2346 2342 -2448 2246 2344 -2447 2146 2345
 -1436 1135 -1437 1235 -1537 1635 -1436 1735 -13235
CG 3057 21 22 28
 -2854 2954 3056 2950 2952 2854 2755 2556 2256 1955
 1753 1550 1447 1343 1340 1437 1536 1835 2035 2336
 2538 2742 -1954 1752 1650 1547 1443 1439 1537 -2438
 2539 2642 -2256 2055 1852 1750 1647 1543 1538 1636
 1835 -2035 2236 2439 2542 -2242 3042 -2342 2541 -2442
 2539 -2842 2640 -2942 2641 -13235
CH 3058 21 26 28
 -1956 1335 -2056 1435 -2156 1535 -3156 2535 -3256 2635
 -3356 2735 -1656 2456 -2856 3656 -1746 2946 -1035 1835
 -2235 3035 -1756 2055 -1856 1954 -2256 2054 -2356 2055
 -2956 3255 -3056 3154 -3456 3254 -3556 3255 -1436 1135
 -1437 1235 -1537 1635 -1436 1735 -2636 2335 -2637 2435
 -2737 2835 -2636 2935 -13635
CI 3059 21 14 28
 -1956 1335 -2056 1435 -2156 1535 -1656 2456 -1035 1835
 -1756 2055 -1856 1954 -2256 2054 -2356 2055 -1436 1135
 -1437 1235 -1537 1635 -1436 1735 -12435
CJ 3060 21 19 28
 -2456 1939 1837 1635 -2556 2143 2040 1938 -2656 2243
 2038 1836 1635 1435 1236 1138 1140 1241 1341 1440
 1439 1338 1238 -1240 1239 1339 1340 1240 -2156 2956
 -2256 2555 -2356 2454 -2756 2554 -2856 2555 -12935
CK 3061 21 23 28
 -1956 1335 -2056 1435 -2156 1535 -3255 1744 -2147 2535
 -2247 2635 -2348 2736 -1656 2456 -2956 3556 -1035 1835
 -2235 2935 -1756 2055 -1856 1954 -2256 2054 -2356 2055
 -3056 3255 -3456 3255 -1436 1135 -1437 1235 -1537 1635
 -1436 1735 -2536 2335 -2537 2435 -2637 2835 -13335
CL 3062 21 20 28
 -1956 1335 -2056 1435 -2156 1535 -1656 2456 -1035 2535
 2741 -1756 2055 -1856 1954 -2256 2054 -2356 2055 -1436
 1135 -1437 1235 -1537 1635 -1436 1735 -2035 2536 -2235
 2638 -2435 2741 -13035
CM 3063 21 28 28
 -1956 1336 -1955 2037 2035 -2056 2137 -2156 2238 -3356
 2238 2035 -3356 2735 -3456 2835 -3556 2935 -1656 2156
 -3356 3856 -1035 1635 -2435 3235 -1756 1955 -1856 1954
 -3656 3454 -3756 3455 -1336 1135 -1336 1535 -2836 2535
 -2837 2635 -2937 3035 -2836 3135 -13835
CN 3064 21 25 28
 -1956 1336 -1956 2635 -2056 2638 -2156 2738 -3255 2738
 2635 -1656 2156 -2956 3556 -1035 1635 -1756 2055 -1856
 2054 -3056 3255 -3456 3255 -1336 1135 -1336 1535 -13535
CO 3065 21 22 28
 -2256 1955 1753 1550 1447 1343 1340 1437 1536 1735
 2035 2336 2538 2741 2844 2948 2951 2854 2755 2556
 2256 -1853 1650 1547 1443 1439 1537 -2438 2641 2744
 2848 2852 2754 -2256 2055 1852 1750 1647 1543 1538
 1636 1735 -2035 2236 2439 2541 2644 2748 2753 2655
 2556 -13235
CP 3066 21 23 28
 -1956 1335 -2056 1435 -2156 1535 -1656 2856 3155 3253
 3251 3148 2946 2545 1745 -3055 3153 3151 3048 2846
 -2856 2955 3053 3051 2948 2746 2545 -1035 1835 -1756
 2055 -1856 1954 -2256 2054 -2356 2055 -1436 1135 -1437
 1235 -1537 1635 -1436 1735 -13335
CQ 3067 21 22 28
 -2256 1955 1753 1550 1447 1343 1340 1437 1536 1735
 2035 2336 2538 2741 2844 2948 2951 2854 2755 2556
 2256 -1853 1650 1547 1443 1439 1537 -2438 2641 2744
 2848 2852 2754 -2256 2055 1852 1750 1647 1543 1538
 1636 1735 -2035 2236 2439 2541 2644 2748 2753 2655
 2556 -1538 1640 1841 1941 2140 2238 2333 2432 2532
 2633 -2332 2431 2531 -2238 2231 2330 2530 2633 2634
 -13235
CR 3068 21 24 28
 -1956 1335 -2056 1435 -2156 1535 -1656 2756 3055 3153
 3151 3048 2947 2646 1846 -2955 3053 3051 2948 2847
 -2756 2855 2953 2951 2848 2646 -2246 2445 2544 2738
 2837 2937 3038 -2737 2836 2936 -2544 2636 2735 2935
 3038 3039 -1035 1835 -1756 2055 -1856 1954 -2256 2054
 -2356 2055 -1436 1135 -1437 1235 -1537 1635 -1436 1735
 -13435
CS 3069 21 23 28
 -2954 3054 3156 3050 3052 2954 2855 2556 2156 1855
 1653 1650 1748 1946 2543 2641 2638 2536 -1750 1848
 2544 2642 -1855 1753 1751 1849 2446 2644 2742 2739
 2637 2536 2235 1835 1536 1437 1339 1341 1235 1337
 1437 -13335
CT 3070 21 22 28
 -2356 1735 -2456 1835 -2556 1935 -1656 1450 -3256 3150
 -1656 3256 -1435 2235 -1756 1450 -1956 1553 -2156 1655
 -2856 3155 -2956 3154 -3056 3153 -3156 3150 -1836 1535
 -1837 1635 -1937 2035 -1836 2135 -13235
CU 3071 21 25 28
 -1856 1545 1441 1438 1536 1835 2235 2536 2738 2841
 3255 -1956 1645 1541 1537 1636 -2056 1745 1641 1637
 1835 -1556 2356 -2956 3556 -1656 1955 -1756 1854 -2156
 1954 -2256 1955 -3056 3255 -3456 3255 -13535
CV 3072 21 20 28
 -1656 1654 1737 1735 -1755 1838 -1856 1939 -2955 1735
 -1456 2156 -2656 3256 -1556 1654 -1956 1854 -2056 1755
 -2756 2955 -3156 2955 -13035
CW 3073 21 26 28
 -1856 1854 1637 1635 -1955 1738 -2056 1839 -2656 1839
 1635 -2656 2654 2437 2435 -2755 2538 -2856 2639 -3455
 2639 2435 -1556 2356 -2656 2856 -3156 3756 -1656 1955
 -1756 1854 -2156 1953 -2256 1955 -3256 3455 -3656 3455
 -13635
CX 3074 21 22 28
 -1756 2335 -1856 2435 -1956 2535 -3055 1236 -1556 2256
 -2756 3356 -935 1535 -2035 2735 -1656 1854 -2056 1954
 -2156 1955 -2856 3055 -3256 3055 -1236 1035 -1236 1435
 -2336 2135 -2337 2235 -2437 2635 -13235
CY 3075 21 22 28
 -1656 2046 1735 -1756 2146 1835 -1856 2246 1935 -3155
 2246 -1456 2156 -2856 3456 -1435 2235 -1556 1755 -1956
 1854 -2056 1755 -2956 3155 -3356 3155 -1836 1535 -1837
 1635 -1937 2035 -1836 2135 -13235
CZ 3076 21 22 28
 -2956 1135 -3056 1235 -3156 1335 -3156 1756 1550 -1135
 2535 2741 -1856 1550 -1956 1653 -2156 1755 -2135 2536
 -2335 2638 -2435 2741 -13235
Ca 3151 21 22 28
 -2649 2442 2438 2536 2635 2835 3037 3139 -2749 2542
 2536 -2649 2849 2642 2538 -2442 2445 2348 2149 1949
 1648 1445 1342 1340 1437 1536 1735 1935 2136 2237
 2339 2442 -1748 1545 1442 1439 1537 -1949 1747 1645
 1542 1539 1636 1735 -13235
Cb 3152 21 19 28
 -1756 1549 1443 1439 1537 1636 1835 2035 2336 2539
 2642 2644 2547 2448 2249 2049 1848 1747 1645 1542
 -1856 1649 1545 1539 1636 -2337 2439 2542 2545 2447
 -1456 1956 1749 1542 -2035 2237 2339 2442 2445 2348
 2249 -1556 1855 -1656 1754 -12935
Cc 3153 21 18 28
 -2445 2446 2346 2344 2544 2546 2448 2249 1949 1648
 1445 1342 1340 1437 1536 1735 1935 2236 2439 -1647
 1545 1442 1439 1537 -1949 1747 1645 1542 1539 1636
 1735 -12835
Cd 3154 21 22 28
 -2856 2545 2441 2438 2536 2635 2835 3037 3139 -2956
 2645 2541 2536 -2556 3056 2642 2538 -2442 2445 2348
 2149 1949 1648 1445 1342 1340 1437 1536 1735 1935
 2136 2237 2339 2442 -1647 1545 1442 1439 1537 -1949
 1747 1645 1542 1539 1636 1735 -2656 2955 -2756 2854
 -13235
Ce 3155 21 18 28
 -1440 1841 2142 2444 2546 2448 2249 1949 1648 1445
 1342 1340 1437 1536 1735 1935 2236 2438 -1647 1545
 1442 1439 1537 -1949 1747 1645 1542 1539 1636 1735
 -12835
Cf 3156 21 16 28
 -2654 2655 2555 2553 2753 2755 2656 2456 2255 2053
 1951 1848 1744 1535 1432 1330 1128 -2052 1949 1844
 1635 1532 -2456 2254 2152 2049 1944 1736 1633 1531
 1329 1128 928 829 831 1031 1029 929 930 -1449
 2549 -12635
Cg 3157 21 21 28
 -2649 2235 2132 1929 1728 -2749 2335 2131 -2649 2849
 2435 2231 2029 1728 1428 1229 1130 1132 1332 1330
 1230 1231 -2442 2445 2348 2149 1949 1648 1445 1342
 1340 1437 1536 1735 1935 2136 2237 2339 2442 -1647
 1545 1442 1439 1537 -1949 1747 1645 1542 1539 1636
 1735 -13135
Ch 3158 21 22 28
 -1856 1235 1435 -1956 1335 -1556 2056 1435 -1642 1846
 2048 2249 2449 2648 2746 2743 2538 -2648 2644 2540
 2536 -2646 2441 2438 2536 2635 2835 3037 3139 -1656
 1955 -1756 1854 -13235
Ci 3159 21 13 28
 -1956 1954 2154 2156 1956 -2056 2054 -1955 2155 -1145
 1247 1449 1649 1748 1846 1843 1638 -1748 1744 1640
 1636 -1746 1541 1538 1636 1735 1935 2137 2239 -12335
Cj 3160 21 13 28
 -2056 2054 2254 2256 2056 -2156 2154 -2055 2255 -1245
 1347 1549 1749 1848 1946 1943 1736 1633 1531 1329
 1128 928 829 831 1031 1029 929 930 -1848 1843
 1636 1533 1431 -1846 1742 1535 1432 1330 1128 -12335
Ck 3161 21 22 28
 -1856 1235 1435 -1956 1335 -1556 2056 1435 -2847 2848
 2748 2746 2946 2948 2849 2649 2448 2044 1843 -1643
 1843 2042 2141 2337 2436 2636 -2041 2237 2336 -1843
 1942 2136 2235 2435 2636 2839 -1656 1955 -1756 1854
 -13235
Cl 3162 21 12 28
 -1856 1545 1441 1438 1536 1635 1835 2037 2139 -1956
 1645 1541 1536 -1556 2056 1642 1538 -1656 1955 -1756
 1854 -12235
Cm 3163 21 35 28
 -1145 1247 1449 1649 1748 1846 1843 1635 -1748 1743
 1535 -1746 1642 1435 1635 -1843 2046 2248 2449 2649
 2848 2946 2943 2735 -2848 2843 2635 -2846 2742 2535
 2735 -2943 3146 3348 3549 3749 3948 4046 4043 3838
 -3948 3944 3840 3836 -3946 3741 3738 3836 3935 4135
 4337 4439 -14535
Cn 3164 21 24 28
 -1145 1247 1449 1649 1748 1846 1843 1635 -1748 1743
 1535 -1746 1642 1435 1635 -1843 2046 2248 2449 2649
 2848 2946 2943 2738 -2848 2844 2740 2736 -2846 2641
 2638 2736 2835 3035 3237 3339 -13435
Co 3165 21 20 28
 -1949 1648 1445 1342 1340 1437 1536 1835 2135 2436
 2639 2742 2744 2647 2548 2249 1949 -1647 1545 1442
 1439 1537 -2437 2539 2642 2645 2547 -1949 1747 1645
 1542 1539 1636 1835 -2135 2337 2439 2542 2545 2448
 2249 -13035
Cp 3166 21 22 28
 -1145 1247 1449 1649 1748 1846 1843 1739 1428 -1748
 1743 1639 1328 -1746 1642 1228 -1842 1945 2047 2148
 2349 2549 2748 2847 2944 2942 2839 2636 2335 2135
 1936 1839 1842 -2747 2845 2842 2739 2637 -2549 2648
 2745 2742 2639 2537 2335 -928 1728 -1329 1028 -1330
 1128 -1430 1528 -1329 1628 -13235
Cq 3167 21 21 28
 -2649 2028 -2749 2128 -2649 2849 2228 -2442 2445 2348
 2149 1949 1648 1445 1342 1340 1437 1536 1735 1935
 2136 2237 2339 2442 -1647 1545 1442 1439 1537 -1949
 1747 1645 1542 1539 1636 1735 -1728 2528 -2129 1828
 -2130 1928 -2230 2328 -2129 2428 -13135
Cr 3168 21 18 28
 -1145 1247 1449 1649 1748 1846 1842 1635 -1748 1742
 1535 -1746 1642 1435 1635 -2647 2648 2548 2546 2746
 2748 2649 2449 2248 2046 1842 -12835
Cs 3169 21 17 28
 -2446 2447 2347 2345 2545 2547 2448 2149 1849 1548
 1447 1445 1543 1742 2041 2240 2338 -1548 1445 -1544
 1743 2042 2241 -2340 2236 -1447 1545 1744 2043 2242
 2340 2338 2236 1935 1635 1336 1237 1239 1439 1437
 1337 1338 -12735
Ct 3170 21 14 28
 -1956 1645 1541 1538 1636 1735 1935 2137 2239 -2056
 1745 1641 1636 -1956 2156 1742 1638 -1349 2349 -12435
Cu 3171 21 24 28
 -1145 1247 1449 1649 1748 1846 1843 1638 -1748 1744
 1640 1636 -1746 1541 1538 1636 1835 2035 2236 2438
 2641 -2849 2641 2638 2736 2835 3035 3237 3339 -2949
 2741 2736 -2849 3049 2842 2738 -13435
Cv 3172 21 20 28
 -1145 1247 1449 1649 1748 1846 1843 1638 -1748 1744
 1640 1636 -1746 1541 1538 1636 1835 2035 2236 2438
 2641 2745 2749 2649 2648 2746 -13035
Cw 3173 21 30 28
 -1145 1247 1449 1649 1748 1846 1843 1638 -1748 1744
 1640 1636 -1746 1541 1538 1636 1835 2035 2236 2438
 2541 -2749 2541 2538 2636 2835 3035 3236 3438 3641
 3745 3749 3649 3648 3746 -2849 2641 2636 -2749 2949
 2742 2638 -14035
Cx 3174 21 22 28
 -1345 1548 1749 1949 2148 2246 2244 -1949 2048 2044
 1940 1838 1636 1435 1235 1136 1138 1338 1336 1236
 1237 -2147 2144 2040 2037 -2947 2948 2848 2846 3046
 3048 2949 2749 2548 2346 2244 2140 2136 2235 -1940
 1938 2036 2235 2435 2636 2839 -13235
Cy 3175 21 22 28
 -1145 1247 1449 1649 1748 1846 1843 1638 -1748 1744
 1640 1636 -1746 1541 1538 1636 1835 2035 2236 2438
 2642 -2849 2435 2332 2129 1928 -2949 2535 2331 -2849
 3049 2635 2431 2229 1928 1628 1429 1330 1332 1532
 1530 1430 1431 -13235
Cz 3176 21 20 28
 -2749 2647 2445 1639 1437 1335 -2647 1747 1546 1444
 -2447 2048 1748 1647 -2447 2049 1749 1547 1444 -1437
 2337 2538 2640 -1637 2036 2336 2437 -1637 2035 2335
 2537 2640 -13035
C0 3250 21 21 28
 -2256 1955 1753 1550 1447 1343 1340 1437 1536 1735
 1935 2236 2438 2641 2744 2848 2851 2754 2655 2456
 2256 -1954 1752 1650 1547 1443 1439 1537 -2237 2439
 2541 2644 2748 2752 2654 -2256 2055 1852 1750 1647
 1543 1538 1636 1735 -1935 2136 2339 2441 2544 2648
 2653 2555 2456 -13135
C1 3251 21 21 28
 -2252 1735 1935 -2556 2352 1835 -2556 1935 -2556 2253
 1951 1750 -2252 2051 1750 -13135
C2 3252 21 21 28
 -1751 1752 1852 1850 1650 1652 1754 1855 2156 2456
 2755 2853 2851 2749 2547 1541 1339 1135 -2655 2753
 2751 2649 2447 2145 -2456 2555 2653 2651 2549 2347
 1541 -1237 1338 1538 2037 2537 2638 -1538 2036 2536
 -1538 2035 2335 2536 2638 2639 -13135
C3 3253 21 21 28
 -1751 1752 1852 1850 1650 1652 1754 1855 2156 2456
 2755 2853 2851 2749 2648 2447 2146 -2655 2753 2751
 2649 2548 -2456 2555 2653 2651 2549 2347 2146 -1946
 2146 2445 2544 2642 2639 2537 2336 2035 1735 1436
 1337 1239 1241 1441 1439 1339 1340 -2444 2542 2539
 2437 -2146 2345 2443 2439 2337 2236 2035 -13135
C4 3254 21 21 28
 -2552 2035 2235 -2856 2652 2135 -2856 2235 -2856 1241
 2841 -13135
C5 3255 21 21 28
 -1956 1446 -1956 2956 -1955 2755 -1854 2354 2755 2956
 -1446 1547 1848 2148 2447 2546 2644 2641 2538 2336
 1935 1635 1436 1337 1239 1241 1441 1439 1339 1340
 -2446 2544 2541 2438 2236 -2148 2347 2445 2441 2338
 2136 1935 -13135
C6 3256 21 21 28
 -2752 2753 2653 2651 2851 2853 2755 2556 2256 1955
 1753 1550 1447 1343 1340 1437 1536 1735 2035 2336
 2538 2640 2643 2545 2446 2247 1947 1746 1645 1543
 -1853 1650 1547 1443 1439 1537 -2438 2540 2543 2445
 -2256 2055 1852 1750 1647 1543 1538 1636 1735 -2035
 2236 2337 2440 2444 2346 2247 -13135
C7 3257 21 21 28
 -1656 1450 -2956 2853 2650 2245 2042 1939 1835 -2043
 1839 1735 -2650 2044 1841 1739 1635 1835 -1553 1856
 2056 2553 -1755 2055 2553 -1553 1754 2054 2553 2753
 2854 2956 -13135
C8 3258 21 21 28
 -2156 1855 1754 1652 1649 1747 1946 2246 2547 2748
 2850 2853 2755 2556 2156 -2356 1855 -1854 1752 1748
 1847 -1747 2046 -2146 2547 -2648 2750 2753 2655 -2755
 2356 -2156 1954 1852 1848 1946 -2246 2447 2548 2650
 2654 2556 -1946 1545 1343 1241 1238 1336 1635 2035
 2436 2537 2639 2642 2544 2445 2246 -2046 1545 -1645
 1443 1341 1338 1436 -1336 1835 2436 -2437 2539 2542
 2444 -2445 2146 -1946 1745 1543 1441 1438 1536 1635
 -2035 2236 2337 2439 2443 2345 2246 -13135
C9 3259 21 21 28
 -2648 2546 2445 2244 1944 1745 1646 1548 1551 1653
 1855 2156 2456 2655 2754 2851 2848 2744 2641 2438
 2236 1935 1635 1436 1338 1340 1540 1538 1438 1439
 -1746 1648 1651 1753 -2654 2752 2748 2644 2541 2338
 -1944 1845 1747 1751 1854 1955 2156 -2456 2555 2653
 2648 2544 2441 2339 2136 1935 -13135
C. 3260 21 11 28
 -1338 1237 1236 1335 1435 1536 1537 1438 1338 -1337
 1336 1436 1437 1337 -12135
C, 3261 21 11 28
 -1435 1335 1236 1237 1338 1438 1537 1535 1433 1332
 1131 -1337 1336 1436 1437 1337 -1435 1434 1332 -12135
C: 3262 21 11 28
 -1649 1548 1547 1646 1746 1847 1848 1749 1649 -1648
 1647 1747 1748 1648 -1338 1237 1236 1335 1435 1536
 1537 1438 1338 -1337 1336 1436 1437 1337 -12135
C; 3263 21 11 28
 -1649 1548 1547 1646 1746 1847 1848 1749 1649 -1648
 1647 1747 1748 1648 -1435 1335 1236 1237 1338 1438
 1537 1535 1433 1332 1131 -1337 1336 1436 1437 1337
 -1435 1434 1332 -12135
C! 3264 21 11 28
 -1956 1856 1755 1542 -1955 1855 1542 -1955 1954 1542
 -1956 2055 2054 1542 -1338 1237 1236 1335 1435 1536
 1537 1438 1338 -1337 1336 1436 1437 1337 -12135
C? 3265 21 21 28
 -1751 1752 1852 1850 1650 1652 1754 1855 2156 2556
 2855 2953 2951 2849 2748 2547 2146 1945 1943 2142
 2242 -2356 2855 -2755 2853 2851 2749 2648 2447 -2556
 2655 2753 2751 2649 2548 2146 2045 2043 2142 -1838
 1737 1736 1835 1935 2036 2037 1938 1838 -1837 1836
 1936 1937 1837 -13135
C/ 3270 21 23 28
 -3460 828 928 -3460 3560 928 -13335
C( 3271 21 16 28
 -2660 2459 2157 1854 1651 1447 1343 1338 1434 1531
 1728 -1954 1751 1547 1442 1434 -2660 2358 2055 1852
 1750 1647 1543 1434 -1442 1533 1630 1728 -12635
C) 3272 21 16 28
 -1960 2157 2254 2350 2345 2241 2037 1834 1531 1229
 1028 -2254 2246 2141 1937 1734 -1960 2058 2155 2246
 -2254 2145 2041 1938 1836 1633 1330 1028 -12635
C* 3273 21 17 28
 -2056 1955 2145 2044 -2056 2044 -2056 2155 1945 2044
 -1553 1653 2447 2547 -1553 2547 -1553 1552 2548 2547
 -2553 2453 1647 1547 -2553 1547 -2553 2552 1548 1547
 -12735
C- 3274 21 25 28
 -1445 3145 3144 -1445 1444 3144 -13535
C  3249 21 16 28
 -12635

